1 1.090240108462308 100.81649440779786
2 0.6523695473777449 100.57412311030286
3 1.3912108195824013 102.03748528797723
4 1.3415857415467554 101.89435661121168
5 0.6892803168605036 101.67208905362806
6 0.6841613307362738 101.77834277041659
7 0.8948367225169099 101.77229457912259
8 0.754259374768684 100.49223590572905
9 0.8164422500375139 100.57967148664518
10 0.08141744321921231 101.23502262341697
11 0.5143796962951412 100.96876931952542
12 0.9516204036457708 100.83973934679719
13 0.9039652444293168 101.31297108097249
14 1.1161416345640665 101.47663877740561
15 0.019903173742250077 101.37047380724721
16 1.4498163393466643 100.16093851267705
17 1.0083443091214985 101.54668590816657
18 0.5514152588198586 100.84363324603096
19 0.10901903939155243 100.10132206228238
20 0.7818932735280605 100.9679896491268
21 0.05748919918428755 101.10714321508412
22 0.226408230240292 101.18692510001107
23 1.0485817883193067 101.5193418767406
24 0.16561491396903572 100.39185669871613
25 0.6608717881702374 100.15623650400008
26 0.26989211258786794 102.02216022886505
27 0.050492792855439395 100.67427876639817
28 0.25994538099747116 101.81238245688441
29 0.29175755511653356 101.17383660219774
30 0.6198938593502555 100.13534771749283
31 1.0454264743865924 101.44973950885976
32 1.2087735971110878 100.16392365060311
33 0.07059572361929616 100.17740070694671
34 0.9006373025058788 102.108485372258
35 0.9574279471830385 101.90166552781253
36 0.18041303783115 102.00944447800424
37 1.212165227087695 101.61909988048127
38 0.15343093642859595 101.75986241221513
39 1.152241827737779 101.02468374983796
40 0.49559280920501414 100.74771450751582
41 1.2060567121532593 101.4027149210636
42 0.5960313799686447 100.17191001559561
43 0.7171855474365348 101.59630607871387
44 0.09111055622583135 100.89286796865889
45 0.17071294311958757 100.854722550196
46 0.1442912117918179 101.48297358703755
47 1.0728378801593368 101.66107054817563
48 1.0249320284426011 100.13657987643136
49 1.0075973689748323 100.48997765621792
50 0.6739421488324239 102.05783418515163
51 0.1603372431794164 100.11745817186842
52 1.0598491653871893 100.64393286469189
53 1.342556744071637 101.72971768686438
54 0.08612349628543127 100.67362857242327
55 1.1408870343360769 100.8349959349943
56 0.5203889579940816 101.10628394017414
57 0.9247906998406186 100.15575651342469
58 1.3775097849389182 101.91514230971
59 0.35905048717912985 100.13846740325364
60 0.7553164836025175 101.90505518759825
61 0.7454344706367185 100.64369340983207
62 1.3441305582299026 100.61710723803645
63 1.4589270460458368 101.87921761929591
64 1.0669175700145044 101.45227855722956
65 0.8329324957804435 100.12839498431974
66 1.0880485491491143 100.45029738334196
67 0.510722193568665 101.93080914874031
68 1.1250091425740392 101.23564553125753
69 0.6510477841353227 101.3231499983203
70 0.2052679550865536 101.28170168659454
71 0.9396089163544957 100.42390956030705
72 0.8138358063535461 101.08839760706256
73 0.007744745580500848 102.01346291584534
74 1.1652142660722358 101.96425964927417
75 1.0667481858222079 100.06691721851905
76 1.4263734098162817 100.75021679127794
77 0.6666801290717909 100.80475571495549
78 1.189655012655072 101.18425262502095
79 0.25000071306177657 101.84606833748346
80 0.3783115695599723 100.78427412324626
81 0.22374953237640702 100.61339428050303
82 0.9578360133659781 101.34436676982206
83 0.6218766050054801 100.71811170445041
84 0.15942530964461926 100.06034742445424
85 1.1918824592996673 100.98281198668089
86 0.7405489637081529 100.48168920778603
87 1.180404709172977 100.52297906620203
88 0.5435765170117707 100.53457132231237
89 0.43947571629228793 100.37569233369688
90 0.25566131715628365 101.10910520981851
91 0.7542623611551944 100.41381647666454
92 1.1385407869268083 101.11408292289136
93 1.4586887635521693 101.14043238886754
94 0.11506284803111844 101.1936236397986
95 0.26430583699490784 101.66044375820637
96 0.22172092824340683 101.52877444957075
97 1.4690832532174936 101.80759471389723
98 0.9404147867562097 100.75981252047694
99 0.037423166836272254 100.90727617797194
100 0.9012459737970373 100.84024355704018
101 1.2633600962112683 101.10856693051998
102 1.3034452827867462 100.80074087020785
103 0.3565628133815112 101.42035623827552
104 0.9746833417522526 101.34538550330684
105 0.4908097861369187 100.2498186689564
106 0.5900002292070324 101.0596941359056
107 0.46573209882776917 100.81158215714082
108 0.9709153036248837 101.933955327216
109 1.2883650894551468 101.62306996477281
110 0.8965460762161612 101.00153876737525
111 0.9425939275246684 100.33934111411315
112 1.202264904009104 101.14006300535154
113 1.4109702967524371 100.94151937848146
114 0.9762225863968684 101.57092707934092
115 1.276143640786028 101.98089902836458
116 0.269570772573239 100.98543129362089
117 0.627357014492152 101.47762676981108
118 0.5380951430382632 100.43349764655898
119 0.25087182025334964 101.12652017155868
120 0.017002245889735753 100.89264800245819
121 1.0768239353532807 100.78788158498315
122 0.07536384681361735 101.90001725686608
123 0.5955185200223445 101.88191680279611
124 1.4628644839009006 100.14965465531198
125 0.5585538781383177 100.69249343822798
126 0.9451326868979729 100.50727399524077
127 0.6333550870702196 100.27986640916389
128 0.8589844136907462 100.27713087580658
129 1.1819418263544355 101.88535217530587
130 0.6414693998757265 101.19325770098347
131 0.09368907538580065 100.88710325622107
132 0.24354055486205664 100.09751297574559
133 0.8192688855989192 102.0195743492912
134 0.7735885898050566 100.67018291200277
135 0.800927302195833 100.8485798743923
136 1.1865680767188542 100.88407272598124
137 1.3001227224377565 101.43820185159761
138 1.3458155794312998 101.78405862597327
139 0.2335021113851951 100.10145213737954
140 0.5354649038039929 100.0581225780314
141 1.1192971520601598 100.03849342113452
142 1.0029904385166872 101.39110552863615
143 0.9798940496622538 101.65520457289693
144 0.4141466079531936 100.5221897353135
145 1.2044029627123993 101.8366580898448
146 1.1406820330558338 101.96102425028215
147 0.07406688096207478 100.97604156025783
148 1.301785517899186 102.10921548196812
149 0.6502720648500928 100.73182423169224
150 1.19975219033396 100.73160489534179
151 0.3993328154198752 100.4955868035795
152 1.1167431095965095 101.08646660715662
153 1.4183577455725556 101.29296009863336
154 0.4572394194307616 100.45314619683245
155 0.9760800506726046 101.74356628610312
156 1.4747603828287108 101.94874595290507
157 0.6308426128413979 101.27527435821115
158 0.6523715292012344 100.14969331992508
159 1.1615398123210137 100.50198131171454
160 0.7916671358163259 101.67506558172252
161 0.7249273183082914 100.48374845843834
162 1.322248600445567 100.69896245365828
163 0.09673873813169655 101.42043595943952
164 0.5202392248627956 101.72614424387784
165 1.4559551893998135 102.00351859799375
166 1.0025575416802996 102.10880249677197
167 1.3878246756589845 100.76385688138956
168 0.6529143514954596 101.33847224303172
169 1.3263213470839896 100.8343373378801
170 0.6157412421025076 101.73938733656742
171 1.3118207912821915 102.0443506710891
172 0.5874593005885188 100.5736113950963
173 1.4774882054558565 100.73034269813238
174 0.409516655106106 101.44004828190174
175 1.1477665783433673 102.10020016368892
176 0.4671118141887204 100.94845822008249
177 0.7745990101919948 101.65406999083473
178 0.3828781631979942 100.315709228661
179 0.8653206924128147 101.22949501514941
180 0.22355439928972387 101.78122824439913
181 0.7278911773801365 101.87336804593198
182 0.41476951775991333 100.20636351464196
183 0.1409392818723815 101.46437947325336
184 1.4652919110139613 100.82864252509786
185 0.9383285013321918 102.00413965451196
186 1.0928353711346375 101.59334832751495
187 0.07810936285919948 101.04434255597688
188 0.3573008592653302 101.729345918572
189 0.3618503207737146 101.34143817842428
190 1.3335560437037308 100.81048155847533
191 0.16434683313760504 101.89429117162084
192 0.24019085715102514 100.73918789221788
193 0.05162102255420251 101.60907879721341
194 0.8600865478679333 100.67200350145242
195 0.9259156068853139 101.82418440228814
196 0.7149569428502245 100.63196945178012
197 0.19132413111464433 100.92064975121922
198 1.0807148797638362 100.28560235965787
199 0.5526389998483929 100.87485120800652
200 1.3130185334272644 101.20842186205317
201 0.31728374326490855 101.83343376111867
202 1.458092356782674 101.42277356702598
203 0.40479641499136576 101.73066930359005
204 0.5366380108686516 101.93853823632611
205 1.3607260168268274 100.15895380630054
206 0.27465902918885626 101.55021752356708
207 0.43014122705628777 100.46952370755655
208 1.1851374286241423 102.04498681136525
209 1.071340918509364 101.88336324406862
210 0.01516107786478789 101.2768866094881
211 0.2665472613568457 101.52841111806046
212 0.35928470091383297 100.89650737276929
213 0.3422437660296106 101.66407201547239
214 1.1528848252588522 100.22649772164779
215 1.3397927819694462 100.77990547325713
216 1.4676750317054341 101.7539232588677
217 1.435319523713126 102.0341487561538
218 1.2663590440320696 101.9944199104228
219 0.07516050414582792 101.01707507596993
220 1.187913903779428 101.69156130299957
221 1.4541299887279657 101.25186337268772
222 0.4181098912447526 101.37562912631583
223 1.46157988639226 100.19347693859075
224 0.027652234338769132 101.49270819534978
225 0.730788329097215 100.9184438690319
226 1.2643062668707208 101.62207495610915
227 1.015228501956604 100.5785311326716
228 0.7955622304938482 100.16373735832312
229 1.2297590015869784 100.46747230239696
230 0.5545444428645134 100.77780548593223
231 1.2561328486307164 101.78497969038438
232 0.9043045361796067 101.75304748377238
233 1.419471232679923 100.38649846846398
234 1.4737943180660584 101.62328723374596
235 1.2131823451445731 101.34251919240604
236 1.3290335704799088 101.17277623743975
237 1.2954346871386424 100.3255952000944
238 0.29088389845725676 101.30652394292198
239 0.7156232857977376 100.3708258354283
240 1.4600366037786519 100.93747927173848
241 0.31273367396213086 101.49856901215256
242 0.9456194870211383 101.90094450794497
243 1.3961641455789178 101.94666197188718
244 0.3698589246084296 100.37441703043245
245 1.155308110789501 102.06315211052089
246 0.7443256420565773 102.00355203367684
247 1.004236640834412 101.09748395675616
248 0.7564894910888761 101.05019725214527
249 1.2022001487359002 100.45912501268005
250 0.6364435857324605 100.06246119164778
251 1.0053529914729278 100.72585338568268
252 1.1993536312445396 100.81023047225267
253 0.4424517180284754 101.83850029852566
254 0.3994175855003775 100.13420161849629
255 1.1299990928952275 101.40821394867339
256 1.0403054036992339 101.45629090365716
257 0.32957308273854696 100.29839682596612
258 1.4719406938076909 101.57334032069708
259 1.3758336027253748 100.08324139470196
260 1.109628351668358 100.94801900593042
261 0.2642787348142992 101.3507762097125
262 1.472700496309238 101.60387603475542
263 0.7601991602727565 100.97203317935316
264 1.1257817764518054 101.61575654745535
265 0.8479378473658655 101.26551776252597
266 0.9688051265448439 101.89604298424754
267 0.7590545607220954 101.5780464793382
268 0.3687019855641369 100.93583122121622
269 0.7063670151570828 101.00313227638978
270 0.84588356196598 101.71289002097654
271 1.4130035679251485 100.31514057672018
272 0.2642365438950943 101.94680342276789
273 1.368417375658618 100.21007264492347
274 1.3814325547696527 100.35395349937497
275 1.1811757866458987 101.8161014705954
276 0.1471546201042125 100.9267778673981
277 0.24768163559093898 101.33083434919783
278 0.0478197664937245 101.87534179335886
279 0.8407902910526809 101.76344219553552
280 0.5342981517286501 101.91776841214049
281 0.4114308163968523 101.7591756013983
282 1.4080777985182724 100.09045082896387
283 0.9543826472643158 101.74375708208082
284 0.997575600372006 100.0645025686202
285 1.3100367869292389 101.43655526099624
286 0.6259847180270618 101.67263332213147
287 1.1017406317151548 100.16552407607627
288 0.7107614665739429 100.21610133127096
289 0.05122409880351346 100.91378995678788
290 0.1640655348875358 101.21930768446893
291 0.11203995893266112 101.92502451063224
292 1.397030065421796 101.44107343997031
293 0.6950816846575799 100.79612576842815
294 0.5306884741577463 100.24843757137171
295 0.6088922095858567 100.43993271427733
296 0.6379670992256858 101.52317653136757
297 0.32663378454635394 102.10322595120056
298 1.2485852730628344 100.39183268916321
299 0.2953873520360481 101.97374514827848
300 0.25773417779029084 101.40835176481613
301 0.3948044738296446 101.8282154191897
302 0.7282908919524294 100.76168577532047
303 0.4242985119244521 101.38484604737289
304 0.7340355033887449 101.01712370306026
305 1.2743654754340854 101.79216865113882
306 1.0558807132392185 101.68992785842822
307 0.8904453634107 100.78790697591641
308 0.12109752871101284 100.24515662313729
309 0.6039553755439039 102.05747008693626
310 0.5333356614498445 101.14449310800161
311 1.0347510505957522 102.10492423188578
312 0.363584852269729 100.96138973567346
313 0.3153005991736526 101.85775271461924
314 0.45880899952246457 100.60503218234341
315 1.165824220398964 100.53513922892516
316 0.9116060945235629 100.30684126845692
317 0.3593676141957078 100.95154681620782
318 0.9240666767753436 101.06948569576927
319 0.7085213373564193 100.25890061586402
320 1.3542864359035 100.64355191844818
321 0.5200978847928677 101.55275447331499
322 0.7205599695158842 101.73259171607712
323 0.24689779953930302 100.46317630650728
324 0.8840327647167336 101.6142596400701
325 0.037342600499442324 100.4250122312408
326 0.704732928895446 100.08494642819119
327 0.7278512898803313 101.70963445279297
328 0.6017483456416333 101.11596241558439
329 1.45330661365767 101.5760693683865
330 0.9321544352543794 100.30159276446176
331 0.9700563456779139 102.10202480970831
332 1.2695903042259622 101.21063000135214
333 0.3218009159917027 100.10513741294018
334 1.2136290184853071 101.55753345465436
335 0.22239121170573914 101.86176304954628
336 1.1987099317777143 101.79182144312274
337 0.6316460203610301 101.63422254988018
338 1.1732404168379016 100.57650607835362
339 0.14481204457577068 100.25364702512945
340 0.7572918516518101 101.86203417819141
341 0.4300934618767546 101.66675729896093
342 0.5787295909829342 101.80333400938713
343 0.34568424551724514 101.00180235027624
344 0.19718888811784593 100.40592141096424
345 0.7933621369288566 101.93149179350952
346 1.244338672884049 101.17993822688133
347 1.4269565693069262 101.22515735410936
348 0.015949317908763215 100.66746019751675
349 1.2823328377519345 100.3791377712813
350 0.4394901158811685 101.23351234424355
351 1.1540780667560782 100.63284793184395
352 0.40449236616729145 102.00196701545089
353 0.9506695817917074 100.3834763984871
354 1.3111695533856205 101.84202896898093
355 0.744862749361082 101.358087877741
356 1.3558050365127374 101.4132398011743
357 0.639638681528046 100.79959827047087
358 0.10042326608363025 100.44498277820594
359 0.9206441411396212 101.61139607044005
360 0.4522669593681151 100.8284057681495
361 0.6817846900463793 102.05159097034961
362 0.5058227055441086 100.91333621500159
363 1.3584856925436977 100.4963838332898
364 0.49599248754193564 100.71348162883746
365 0.9351086638924855 101.86795484162018
366 1.4042791561505015 101.61797069465568
367 0.3217974601277183 101.35990376814037
368 1.1368468008769963 100.99852040689915
369 1.1794565998892343 101.74091270910526
370 0.12341854873626477 101.21625688414093
371 0.6641187296080155 100.20252130757527
372 0.6546712685261314 100.58130244628612
373 1.2151854782000773 100.00521590817227
374 1.2963793883153083 101.32690148964184
375 0.7917321267462197 101.86730872730463
376 1.0058345271003442 101.8887245504809
377 1.327508529641651 101.8577709972151
378 1.2583172418132365 100.08848721697197
379 0.6925528917110371 101.8591867721579
380 1.457041975058448 101.81773328795096
381 0.3716537268728027 100.10421308646383
382 0.8008900315659181 100.78887504101134
383 1.413298005183726 100.67152699302018
384 1.4802977352631652 101.45334937566155
385 0.9108113766107914 100.9783601180374
386 8.439207446380825e-06 101.5958835520813
387 0.34627449387675774 101.59902116115623
388 0.5047928450707294 101.36447409926937
389 1.0271593297433115 101.09685626462898
390 0.7547201239868472 101.74715226618342
391 0.6183934319039345 100.9838859138056
392 1.0483297404138003 100.16799973545956
393 1.3891267674852938 100.46561685306891
394 0.3151637078527776 101.42863377227907
395 0.28406139704286476 100.78631637777966
396 1.3170857919337944 101.43699439389626
397 0.1608766849867153 100.7560498044976
398 0.4059908646348432 101.48533434299867
399 1.4139772803042747 100.33447808506028
400 1.0301521295783296 101.0050221772044
401 1.176259752359861 100.79272745489092
402 1.2967039256933488 101.5153947654534
403 1.472552034394244 100.24323549562324
404 0.9474345658659978 100.77519057423784
405 0.23503979241225548 101.63229613403165
406 0.8009898693674397 100.84762334769492
407 0.6589929281591191 100.7669557660416
408 0.6675901925734147 100.7379577497413
409 0.5784953900974252 101.6847547614837
410 0.6566171216112171 100.59864141542876
411 0.3651998910986784 100.0884202447902
412 0.748931650678801 100.08398986166397
413 1.463200435554756 101.43895826767731
414 0.34062221661013414 101.51171505208842
415 0.12609715631004975 101.23457028328775
416 0.45341623728885055 101.66314259123958
417 0.3388476845216454 102.04724041969091
418 0.007307002233767711 100.60202425727145
419 0.9938561416735623 100.96500578517414
420 1.205161811349056 100.42904815896804
421 0.11012275929571017 101.98188986810987
422 1.1140138472617362 100.6239016535826
423 0.09567959730083625 100.62578465791817
424 0.31496068786253945 101.17460923614023
425 0.09864566802450517 100.87269528965082
426 0.06993879613575593 100.12465203105175
427 1.109415753487899 101.1629977108983
428 1.1426154538015298 100.46901057416878
429 1.1005307371710393 102.09955265766911
430 0.29045678973501154 100.02202658412246
431 0.3375409040893477 100.36289693576146
432 0.22357316446081818 101.98395879035358
433 1.2511862878514368 101.79959238671591
434 0.9645931945405507 101.61078045832892
435 0.7546091294788263 100.29830406128104
436 1.4281303062135537 100.15972914517313
437 0.15026975656308508 100.9496696217807
438 1.4552305401751915 100.75357643468844
439 1.1080013406039715 100.10930767040202
440 0.6252377045905794 100.06796881685513
441 1.3217911995039633 100.22680327567548
442 0.4082524914099759 101.21801780126218
443 1.0148806365701666 101.14623822376458
444 0.02897691785107365 101.75953703926962
445 0.7086184349477131 101.65113461166715
446 1.3588260323156398 100.97587687449207
447 0.3247683016017628 101.67102627073781
448 0.8079143297104551 100.07716842526541
449 0.3366172675306316 101.694315752252
450 0.0891952202410877 101.92627476628341
451 0.08177816305529506 102.08428338025463
452 0.5906667069685178 102.10256683272347
453 0.05405139195216548 101.52731419560499
454 1.3328911106947174 100.49292554914247
455 0.20933981512632535 100.19304407779326
456 1.2697848893468302 100.01651511508304
457 0.4905736101500465 100.26041917140698
458 1.4626824047340787 101.39875470456403
459 0.3498193323859468 100.71413613068182
460 1.0198664883576958 100.40038727007774
461 0.028458006365502286 101.42483083272062
462 1.4076604872701832 101.11121793925643
463 1.4634581476459816 101.7796437043758
464 0.8179078064980464 101.85401682978834
465 1.3916692040108054 100.74977430092555
466 1.3187421236757981 101.67548538297459
467 1.1547622460869007 101.43193041527236
468 1.2357402315035255 101.9144940859894
469 0.15532590072931327 100.69976623766578
470 0.006571414641372166 100.33323412473494
471 1.2472824934849485 100.15131724939141
472 0.809928294425743 101.1794463350621
473 1.1381640157589372 100.4034551078365
474 0.7671360138981039 100.62680556325226
475 0.6011965015783043 100.89440470615101
476 1.4566412357242158 101.95229840943448
477 0.13494470668001982 101.8906848946871
478 0.6351127954087057 101.75271855201333
479 0.20587929404669555 100.62990342946746
480 0.23413469909651718 100.54614314385256
481 1.0619018634707813 101.7923931858635
482 1.3448694812973183 100.51046158278754
483 0.1976468377475063 100.95137829351073
484 0.2756581258982992 101.13960990085826
485 1.3046163446433494 101.32338169809667
486 0.4838418468605445 101.77312141001507
487 0.28524274717642967 101.50059025256488
488 1.0674848665412426 101.68765600008288
489 1.1379567803736959 101.80109285327848
490 0.544022710627841 100.86714377067699
491 0.974509384780681 100.33252130016727
492 0.25068349323542777 102.00408603479099
493 0.7761946087256816 100.69342383051612
494 1.210454546370018 100.88980301223013
495 1.10320179364253 101.73178542531734
496 0.08616361766736409 100.76634397020807
497 0.1226835584352097 100.5345814536918
498 1.3809402595137528 100.75935388960718
499 1.1287387696916986 101.98887347673646
500 0.9996435936936597 101.0417032869038