1 203 
2 203 
3 203 
4 203 
5 203 
6 203 
7 203 
8 203 
9 203 
10 203 
11 203 
12 203 
13 203 
14 203 
15 203 
16 203 
17 203 
18 203 
19 203 
20 203 
21 203 
22 203 
23 203 
24 203 
25 203 
26 203 
27 203 
28 203 
29 203 
30 203 
31 203 
32 203 
33 203 
34 203 
35 203 
36 203 
37 203 
38 203 
39 203 
40 203 
41 203 
42 203 
43 203 
44 203 
45 203 
46 203 
47 203 
48 203 
49 203 
50 203 
51 203 
52 203 
53 203 
54 203 
55 203 
56 203 
57 203 
58 203 
59 203 
60 203 
61 203 
62 203 
63 203 
64 203 
65 203 
66 203 
67 203 
68 203 
69 203 
70 203 
71 203 
72 203 
73 203 
74 203 
75 203 
76 203 
77 203 
78 203 
79 203 
80 203 
81 203 
82 203 
83 203 
84 203 
85 203 
86 203 
87 203 
88 203 
89 203 
90 203 
91 203 
92 203 
93 203 
94 203 
95 203 
96 203 
97 203 
98 203 
99 203 
100 203 
101 203 
102 203 
103 203 
104 203 
105 203 
106 203 
107 203 
108 203 
109 203 
110 203 
111 203 
112 203 
113 203 
114 203 
115 203 
116 203 
117 203 
118 203 
119 203 
120 203 
121 203 
122 203 
123 203 
124 203 
125 203 
126 203 
127 203 
128 203 
129 203 
130 203 
131 203 
132 203 
133 203 
134 203 
135 203 
136 203 
137 203 
138 203 
139 203 
140 203 
141 203 
142 203 
143 203 
144 203 
145 203 
146 203 
147 203 
148 203 
149 203 
150 203 
151 203 
152 203 
153 203 
154 203 
155 203 
156 203 
157 203 
158 203 
159 203 
160 203 
161 203 
162 203 
163 203 
164 203 
165 203 
166 203 
167 203 
168 203 
169 203 
170 203 
171 203 
172 203 
173 203 
174 203 
175 203 
176 203 
177 203 
178 203 
179 203 
180 203 
181 203 
182 203 
183 203 
184 203 
185 203 
186 203 
187 203 
188 203 
189 203 
190 203 
191 203 
192 203 
193 203 
194 203 
195 203 
196 203 
197 203 
198 203 
199 203 
200 203 
201 203 
202 203 
203 203 
204 203 
205 99 
206 99 
207 99 
208 99 
209 99 
210 99 
211 99 
212 99 
213 99 
214 99 
215 99 
216 99 
217 99 
218 99 
219 99 
220 99 
221 99 
222 99 
223 99 
224 99 
225 99 
226 99 
227 99 
228 99 
229 99 
230 99 
231 99 
232 99 
233 99 
234 99 
235 99 
236 99 
237 99 
238 99 
239 99 
240 99 
241 99 
242 99 
243 99 
244 99 
245 99 
246 99 
247 99 
248 99 
249 99 
250 99 
251 99 
252 99 
253 99 
254 99 
255 99 
256 99 
257 99 
258 99 
259 99 
260 99 
261 99 
262 99 
263 99 
264 99 
265 99 
266 99 
267 99 
268 99 
269 99 
270 99 
271 99 
272 99 
273 99 
274 99 
275 99 
276 99 
277 99 
278 99 
279 99 
280 99 
281 99 
282 99 
283 99 
284 99 
285 99 
286 99 
287 99 
288 99 
289 99 
290 99 
291 99 
292 99 
293 99 
294 99 
295 99 
296 99 
297 99 
298 99 
299 99 
300 99 
301 99 
302 99 
303 99 
304 99 
305 39 
306 39 
307 39 
308 39 
309 39 
310 39 
311 39 
312 39 
313 39 
314 39 
315 39 
316 39 
317 39 
318 39 
319 39 
320 39 
321 39 
322 39 
323 39 
324 39 
325 39 
326 39 
327 39 
328 39 
329 39 
330 39 
331 39 
332 39 
333 39 
334 39 
335 39 
336 39 
337 39 
338 39 
339 39 
340 39 
341 39 
342 39 
343 39 
344 39 
345 199 
346 199 
347 199 
348 199 
349 199 
350 199 
351 199 
352 199 
353 199 
354 199 
355 199 
356 199 
357 199 
358 199 
359 199 
360 199 
361 199 
362 199 
363 199 
364 199 
365 199 
366 199 
367 199 
368 199 
369 199 
370 199 
371 199 
372 199 
373 199 
374 199 
375 199 
376 199 
377 199 
378 199 
379 199 
380 199 
381 199 
382 199 
383 199 
384 199 
385 199 
386 199 
387 199 
388 199 
389 199 
390 199 
391 199 
392 199 
393 199 
394 199 
395 199 
396 199 
397 199 
398 199 
399 199 
400 199 
401 199 
402 199 
403 199 
404 199 
405 199 
406 199 
407 199 
408 199 
409 199 
410 199 
411 199 
412 199 
413 199 
414 199 
415 199 
416 199 
417 199 
418 199 
419 199 
420 199 
421 199 
422 199 
423 199 
424 199 
425 199 
426 199 
427 199 
428 199 
429 199 
430 199 
431 199 
432 199 
433 199 
434 199 
435 199 
436 199 
437 199 
438 199 
439 199 
440 199 
441 199 
442 199 
443 199 
444 199 
445 199 
446 199 
447 199 
448 199 
449 199 
450 199 
451 199 
452 199 
453 199 
454 199 
455 199 
456 199 
457 199 
458 199 
459 199 
460 199 
461 199 
462 199 
463 199 
464 199 
465 199 
466 199 
467 199 
468 199 
469 199 
470 199 
471 199 
472 199 
473 199 
474 199 
475 199 
476 199 
477 199 
478 199 
479 199 
480 199 
481 199 
482 199 
483 199 
484 199 
485 199 
486 199 
487 199 
488 199 
489 199 
490 199 
491 199 
492 199 
493 199 
494 199 
495 199 
496 199 
497 199 
498 199 
499 199 
500 199 
501 199 
502 199 
503 199 
504 199 
505 199 
506 199 
507 199 
508 199 
509 199 
510 199 
511 199 
512 199 
513 199 
514 199 
515 199 
516 199 
517 199 
518 199 
519 199 
520 199 
521 199 
522 199 
523 199 
524 199 
525 199 
526 199 
527 199 
528 199 
529 199 
530 199 
531 199 
532 199 
533 199 
534 199 
535 199 
536 199 
537 199 
538 199 
539 199 
540 199 
541 199 
542 199 
543 199 
544 199 
545 199 
546 199 
547 199 
548 199 
549 199 
550 199 
551 199 
552 199 
553 199 
554 199 
555 199 
556 199 
557 199 
558 199 
559 199 
560 199 
561 199 
562 199 
563 199 
564 199 
565 199 
566 199 
567 199 
568 199 
569 199 
570 199 
571 199 
572 199 
573 199 
574 199 
575 199 
576 199 
577 199 
578 199 
579 199 
580 199 
581 199 
582 199 
583 199 
584 199 
585 199 
586 199 
587 199 
588 199 
589 199 
590 199 
591 199 
592 199 
593 199 
594 199 
595 199 
596 199 
597 199 
598 199 
599 199 
600 199 
601 199 
602 199 
603 199 
604 199 
605 199 
606 199 
607 199 
608 199 
609 199 
610 199 
611 199 
612 199 
613 199 
614 199 
615 199 
616 199 
617 199 
618 199 
619 199 
620 199 
621 199 
622 199 
623 199 
624 199 
625 199 
626 199 
627 199 
628 199 
629 199 
630 199 
631 199 
632 199 
633 199 
634 199 
635 199 
636 199 
637 199 
638 199 
639 199 
640 199 
641 199 
642 199 
643 199 
644 199 
645 199 
646 199 
647 199 
648 199 
649 199 
650 199 
651 199 
652 199 
653 199 
654 199 
655 199 
656 199 
657 199 
658 199 
659 199 
660 199 
661 199 
662 199 
663 199 
664 199 
665 199 
666 199 
667 199 
668 199 
669 199 
670 199 
671 199 
672 199 
673 199 
674 199 
675 199 
676 199 
677 199 
678 199 
679 199 
680 199 
681 199 
682 199 
683 199 
684 199 
685 199 
686 199 
687 199 
688 199 
689 199 
690 199 
691 199 
692 199 
693 199 
694 199 
695 199 
696 199 
697 199 
698 199 
699 199 
700 199 
701 199 
702 199 
703 199 
704 199 
705 199 
706 199 
707 199 
708 199 
709 199 
710 199 
711 199 
712 199 
713 199 
714 199 
715 199 
716 199 
717 199 
718 199 
719 199 
720 199 
721 199 
722 199 
723 199 
724 199 
725 199 
726 199 
727 199 
728 199 
729 199 
730 199 
731 199 
732 199 
733 199 
734 199 
735 199 
736 199 
737 199 
738 199 
739 199 
740 199 
741 199 
742 199 
743 199 
744 199 
745 4 
746 4 
747 4 
748 4 
749 4 
750 7 
751 7 
752 7 
753 7 
754 7 
755 7 
756 7 
757 7 
758 14 
759 14 
760 14 
761 14 
762 14 
763 14 
764 14 
765 14 
766 14 
767 14 
768 14 
769 14 
770 14 
771 14 
772 14 
773 2 
774 2 
775 2 
776 2 
777 2 
778 2 
779 0 
780 0 
781 0 
782 0 
783 0 
784 0 
785 0 
786 0 
787 0 
788 0 
789 0 
790 0 
791 0 
792 0 
793 0 
794 0 
795 0 
796 0 
797 1 
798 1 
799 2 
800 2 
801 2 
802 2 
803 2 
804 2 
805 2 
806 2 
807 2 
808 2 
809 2 
810 2 
811 2 
812 2 
813 2 
814 2 
815 2 
816 2 
817 2 
818 2 
819 2 
820 2 
821 2 
822 2 
823 2 
824 2 
825 2 
826 104 
827 104 
828 104 
829 104 
830 104 
831 104 
832 104 
833 104 
834 104 
835 104 
836 104 
837 104 
838 104 
839 104 
840 104 
841 104 
842 104 
843 104 
844 104 
845 104 
846 104 
847 104 
848 104 
849 104 
850 104 
851 104 
852 104 
853 104 
854 104 
855 104 
856 104 
857 104 
858 104 
859 104 
860 104 
861 104 
862 104 
863 104 
864 104 
865 104 
866 104 
867 104 
868 104 
869 104 
870 104 
871 104 
872 104 
873 104 
874 104 
875 104 
876 104 
877 104 
878 104 
879 104 
880 104 
881 104 
882 104 
883 104 
884 104 
885 104 
886 104 
887 104 
888 104 
889 104 
890 104 
891 104 
892 104 
893 104 
894 104 
895 104 
896 104 
897 104 
898 104 
899 104 
900 104 
901 104 
902 104 
903 104 
904 104 
905 104 
906 104 
907 104 
908 104 
909 104 
910 104 
911 104 
912 104 
913 104 
914 104 
915 104 
916 104 
917 104 
918 104 
919 104 
920 104 
921 104 
922 104 
923 104 
924 104 
925 104 
926 104 
927 104 
928 104 
929 104 
930 104 
931 129 
932 129 
933 129 
934 129 
935 129 
936 129 
937 129 
938 129 
939 129 
940 129 
941 129 
942 129 
943 129 
944 129 
945 129 
946 129 
947 129 
948 129 
949 129 
950 129 
951 129 
952 129 
953 129 
954 129 
955 129 
956 129 
957 129 
958 129 
959 129 
960 129 
961 129 
962 129 
963 129 
964 129 
965 129 
966 129 
967 129 
968 129 
969 129 
970 129 
971 129 
972 129 
973 129 
974 129 
975 129 
976 129 
977 129 
978 129 
979 129 
980 129 
981 129 
982 129 
983 129 
984 129 
985 129 
986 129 
987 129 
988 129 
989 129 
990 129 
991 129 
992 129 
993 129 
994 129 
995 129 
996 129 
997 129 
998 129 
999 129 
1000 129 
1001 129 
1002 129 
1003 129 
1004 129 
1005 129 
1006 129 
1007 129 
1008 129 
1009 129 
1010 129 
1011 129 
1012 129 
1013 129 
1014 129 
1015 129 
1016 129 
1017 129 
1018 129 
1019 129 
1020 129 
1021 129 
1022 129 
1023 129 
1024 129 
1025 129 
1026 129 
1027 129 
1028 129 
1029 129 
1030 129 
1031 129 
1032 129 
1033 129 
1034 129 
1035 129 
1036 129 
1037 129 
1038 129 
1039 129 
1040 129 
1041 129 
1042 129 
1043 129 
1044 129 
1045 129 
1046 129 
1047 129 
1048 129 
1049 129 
1050 129 
1051 129 
1052 129 
1053 129 
1054 129 
1055 129 
1056 129 
1057 129 
1058 129 
1059 129 
1060 129 
1061 59 
1062 59 
1063 59 
1064 59 
1065 59 
1066 59 
1067 59 
1068 59 
1069 59 
1070 59 
1071 59 
1072 59 
1073 59 
1074 59 
1075 59 
1076 59 
1077 59 
1078 59 
1079 59 
1080 59 
1081 59 
1082 59 
1083 59 
1084 59 
1085 59 
1086 59 
1087 59 
1088 59 
1089 59 
1090 59 
1091 59 
1092 59 
1093 59 
1094 59 
1095 59 
1096 59 
1097 59 
1098 59 
1099 59 
1100 59 
1101 59 
1102 59 
1103 59 
1104 59 
1105 59 
1106 59 
1107 59 
1108 59 
1109 59 
1110 59 
1111 59 
1112 59 
1113 59 
1114 59 
1115 59 
1116 59 
1117 59 
1118 59 
1119 59 
1120 59 
1121 79 
1122 79 
1123 79 
1124 79 
1125 79 
1126 79 
1127 79 
1128 79 
1129 79 
1130 79 
1131 79 
1132 79 
1133 79 
1134 79 
1135 79 
1136 79 
1137 79 
1138 79 
1139 79 
1140 79 
1141 79 
1142 79 
1143 79 
1144 79 
1145 79 
1146 79 
1147 79 
1148 79 
1149 79 
1150 79 
1151 79 
1152 79 
1153 79 
1154 79 
1155 79 
1156 79 
1157 79 
1158 79 
1159 79 
1160 79 
1161 79 
1162 79 
1163 79 
1164 79 
1165 79 
1166 79 
1167 79 
1168 79 
1169 79 
1170 79 
1171 79 
1172 79 
1173 79 
1174 79 
1175 79 
1176 79 
1177 79 
1178 79 
1179 79 
1180 79 
1181 79 
1182 79 
1183 79 
1184 79 
1185 79 
1186 79 
1187 79 
1188 79 
1189 79 
1190 79 
1191 79 
1192 79 
1193 79 
1194 79 
1195 79 
1196 79 
1197 79 
1198 79 
1199 79 
1200 79 
1201 69 
1202 69 
1203 69 
1204 69 
1205 69 
1206 69 
1207 69 
1208 69 
1209 69 
1210 69 
1211 69 
1212 69 
1213 69 
1214 69 
1215 69 
1216 69 
1217 69 
1218 69 
1219 69 
1220 69 
1221 69 
1222 69 
1223 69 
1224 69 
1225 69 
1226 69 
1227 69 
1228 69 
1229 69 
1230 69 
1231 69 
1232 69 
1233 69 
1234 69 
1235 69 
1236 69 
1237 69 
1238 69 
1239 69 
1240 69 
1241 69 
1242 69 
1243 69 
1244 69 
1245 69 
1246 69 
1247 69 
1248 69 
1249 69 
1250 69 
1251 69 
1252 69 
1253 69 
1254 69 
1255 69 
1256 69 
1257 69 
1258 69 
1259 69 
1260 69 
1261 69 
1262 69 
1263 69 
1264 69 
1265 69 
1266 69 
1267 69 
1268 69 
1269 69 
1270 69 
1271 119 
1272 119 
1273 119 
1274 119 
1275 119 
1276 119 
1277 119 
1278 119 
1279 119 
1280 119 
1281 119 
1282 119 
1283 119 
1284 119 
1285 119 
1286 119 
1287 119 
1288 119 
1289 119 
1290 119 
1291 119 
1292 119 
1293 119 
1294 119 
1295 119 
1296 119 
1297 119 
1298 119 
1299 119 
1300 119 
1301 119 
1302 119 
1303 119 
1304 119 
1305 119 
1306 119 
1307 119 
1308 119 
1309 119 
1310 119 
1311 119 
1312 119 
1313 119 
1314 119 
1315 119 
1316 119 
1317 119 
1318 119 
1319 119 
1320 119 
1321 119 
1322 119 
1323 119 
1324 119 
1325 119 
1326 119 
1327 119 
1328 119 
1329 119 
1330 119 
1331 119 
1332 119 
1333 119 
1334 119 
1335 119 
1336 119 
1337 119 
1338 119 
1339 119 
1340 119 
1341 119 
1342 119 
1343 119 
1344 119 
1345 119 
1346 119 
1347 119 
1348 119 
1349 119 
1350 119 
1351 119 
1352 119 
1353 119 
1354 119 
1355 119 
1356 119 
1357 119 
1358 119 
1359 119 
1360 119 
1361 119 
1362 119 
1363 119 
1364 119 
1365 119 
1366 119 
1367 119 
1368 119 
1369 119 
1370 119 
1371 119 
1372 119 
1373 119 
1374 119 
1375 119 
1376 119 
1377 119 
1378 119 
1379 119 
1380 119 
1381 119 
1382 119 
1383 119 
1384 119 
1385 119 
1386 119 
1387 119 
1388 119 
1389 119 
1390 119 
1391 119 
1392 119 
1393 119 
1394 119 
1395 119 
1396 119 
1397 119 
1398 119 
1399 119 
1400 119 
1401 119 
1402 119 
1403 119 
1404 119 
1405 119 
1406 119 
1407 119 
1408 119 
1409 119 
1410 119 
1411 119 
1412 119 
1413 119 
1414 119 
1415 119 
1416 119 
1417 119 
1418 119 
1419 119 
1420 119 
1421 119 
1422 119 
1423 119 
1424 119 
1425 119 
1426 119 
1427 119 
1428 119 
1429 119 
1430 119 
1431 119 
1432 119 
1433 119 
1434 119 
1435 119 
1436 119 
1437 119 
1438 119 
1439 119 
1440 119 
1441 119 
1442 119 
1443 119 
1444 119 
1445 119 
1446 119 
1447 119 
1448 119 
1449 119 
1450 119 
1451 119 
1452 119 
1453 119 
1454 119 
1455 119 
1456 119 
1457 119 
1458 119 
1459 119 
1460 119 
1461 119 
1462 119 
1463 119 
1464 119 
1465 119 
1466 119 
1467 119 
1468 119 
1469 119 
1470 119 
1471 119 
1472 119 
1473 119 
1474 119 
1475 119 
1476 119 
1477 119 
1478 119 
1479 119 
1480 119 
1481 119 
1482 119 
1483 119 
1484 119 
1485 119 
1486 119 
1487 119 
1488 119 
1489 119 
1490 119 
1491 119 
1492 119 
1493 119 
1494 119 
1495 119 
1496 119 
1497 119 
1498 119 
1499 119 
1500 119 
1501 119 
1502 119 
1503 119 
1504 119 
1505 119 
1506 119 
1507 119 
1508 119 
1509 119 
1510 119 
1511 39 
1512 39 
1513 39 
1514 39 
1515 39 
1516 39 
1517 39 
1518 39 
1519 39 
1520 39 
1521 39 
1522 39 
1523 39 
1524 39 
1525 39 
1526 39 
1527 39 
1528 39 
1529 39 
1530 39 
1531 39 
1532 39 
1533 39 
1534 39 
1535 39 
1536 39 
1537 39 
1538 39 
1539 39 
1540 39 
1541 39 
1542 39 
1543 39 
1544 39 
1545 39 
1546 39 
1547 39 
1548 39 
1549 39 
1550 39 
1551 39 
1552 39 
1553 39 
1554 39 
1555 39 
1556 39 
1557 39 
1558 39 
1559 39 
1560 39 
1561 39 
1562 39 
1563 39 
1564 39 
1565 39 
1566 39 
1567 39 
1568 39 
1569 39 
1570 39 
1571 39 
1572 39 
1573 39 
1574 39 
1575 39 
1576 39 
1577 39 
1578 39 
1579 39 
1580 39 
1581 39 
1582 39 
1583 39 
1584 39 
1585 39 
1586 39 
1587 39 
1588 39 
1589 39 
1590 39 
1591 34 
1592 34 
1593 34 
1594 34 
1595 34 
1596 34 
1597 34 
1598 34 
1599 34 
1600 34 
1601 34 
1602 34 
1603 34 
1604 34 
1605 34 
1606 34 
1607 34 
1608 34 
1609 34 
1610 34 
1611 34 
1612 34 
1613 34 
1614 34 
1615 34 
1616 34 
1617 34 
1618 34 
1619 34 
1620 34 
1621 34 
1622 34 
1623 34 
1624 34 
1625 34 
1626 30 
1627 30 
1628 30 
1629 30 
1630 30 
1631 30 
1632 30 
1633 30 
1634 30 
1635 30 
1636 30 
1637 30 
1638 30 
1639 30 
1640 30 
1641 30 
1642 30 
1643 30 
1644 30 
1645 30 
1646 30 
1647 30 
1648 30 
1649 30 
1650 30 
1651 30 
1652 30 
1653 30 
1654 30 
1655 30 
1656 30 
1657 74 
1658 74 
1659 74 
1660 74 
1661 74 
1662 74 
1663 74 
1664 74 
1665 74 
1666 74 
1667 74 
1668 74 
1669 74 
1670 74 
1671 74 
1672 74 
1673 74 
1674 74 
1675 74 
1676 74 
1677 74 
1678 74 
1679 74 
1680 74 
1681 74 
1682 74 
1683 74 
1684 74 
1685 74 
1686 74 
1687 74 
1688 74 
1689 74 
1690 74 
1691 74 
1692 74 
1693 74 
1694 74 
1695 74 
1696 74 
1697 74 
1698 74 
1699 74 
1700 74 
1701 74 
1702 74 
1703 74 
1704 74 
1705 74 
1706 74 
1707 74 
1708 74 
1709 74 
1710 74 
1711 74 
1712 74 
1713 74 
1714 74 
1715 74 
1716 74 
1717 74 
1718 74 
1719 74 
1720 74 
1721 74 
1722 74 
1723 74 
1724 74 
1725 74 
1726 74 
1727 74 
1728 74 
1729 74 
1730 74 
1731 74 
1732 129 
1733 129 
1734 129 
1735 129 
1736 129 
1737 129 
1738 129 
1739 129 
1740 129 
1741 129 
1742 129 
1743 129 
1744 129 
1745 129 
1746 129 
1747 129 
1748 129 
1749 129 
1750 129 
1751 129 
1752 129 
1753 129 
1754 129 
1755 129 
1756 129 
1757 129 
1758 129 
1759 129 
1760 129 
1761 129 
1762 129 
1763 129 
1764 129 
1765 129 
1766 129 
1767 129 
1768 129 
1769 129 
1770 129 
1771 129 
1772 129 
1773 129 
1774 129 
1775 129 
1776 129 
1777 129 
1778 129 
1779 129 
1780 129 
1781 129 
1782 129 
1783 129 
1784 129 
1785 129 
1786 129 
1787 129 
1788 129 
1789 129 
1790 129 
1791 129 
1792 129 
1793 129 
1794 129 
1795 129 
1796 129 
1797 129 
1798 129 
1799 129 
1800 129 
1801 129 
1802 129 
1803 129 
1804 129 
1805 129 
1806 129 
1807 129 
1808 129 
1809 129 
1810 129 
1811 129 
1812 129 
1813 129 
1814 129 
1815 129 
1816 129 
1817 129 
1818 129 
1819 129 
1820 129 
1821 129 
1822 129 
1823 129 
1824 129 
1825 129 
1826 129 
1827 129 
1828 129 
1829 129 
1830 129 
1831 129 
1832 129 
1833 129 
1834 129 
1835 129 
1836 129 
1837 129 
1838 129 
1839 129 
1840 129 
1841 129 
1842 129 
1843 129 
1844 129 
1845 129 
1846 129 
1847 129 
1848 129 
1849 129 
1850 129 
1851 129 
1852 129 
1853 129 
1854 129 
1855 129 
1856 129 
1857 129 
1858 129 
1859 129 
1860 129 
1861 129 
1862 74 
1863 74 
1864 74 
1865 74 
1866 74 
1867 74 
1868 74 
1869 74 
1870 74 
1871 74 
1872 74 
1873 74 
1874 74 
1875 74 
1876 74 
1877 74 
1878 74 
1879 74 
1880 74 
1881 74 
1882 74 
1883 74 
1884 74 
1885 74 
1886 74 
1887 74 
1888 74 
1889 74 
1890 74 
1891 74 
1892 74 
1893 74 
1894 74 
1895 74 
1896 74 
1897 74 
1898 74 
1899 74 
1900 74 
1901 74 
1902 74 
1903 74 
1904 74 
1905 74 
1906 74 
1907 74 
1908 74 
1909 74 
1910 74 
1911 74 
1912 74 
1913 74 
1914 74 
1915 74 
1916 74 
1917 74 
1918 74 
1919 74 
1920 74 
1921 74 
1922 74 
1923 74 
1924 74 
1925 74 
1926 74 
1927 74 
1928 74 
1929 74 
1930 74 
1931 74 
1932 74 
1933 74 
1934 74 
1935 74 
1936 74 
1937 74 
1938 74 
1939 74 
1940 74 
1941 74 
1942 74 
1943 74 
1944 74 
1945 74 
1946 74 
1947 74 
1948 74 
1949 74 
1950 74 
1951 74 
1952 74 
1953 74 
1954 74 
1955 74 
1956 74 
1957 74 
1958 74 
1959 74 
1960 74 
1961 74 
1962 74 
1963 74 
1964 74 
1965 74 
1966 74 
1967 74 
1968 74 
1969 74 
1970 74 
1971 74 
1972 74 
1973 74 
1974 74 
1975 74 
1976 74 
1977 74 
1978 74 
1979 74 
1980 74 
1981 74 
1982 74 
1983 74 
1984 74 
1985 74 
1986 74 
1987 74 
1988 74 
1989 74 
1990 74 
1991 74 
1992 74 
1993 74 
1994 74 
1995 74 
1996 74 
1997 74 
1998 74 
1999 74 
2000 74 
2001 74 
2002 74 
2003 74 
2004 74 
2005 74 
2006 74 
2007 74 
2008 74 
2009 74 
2010 74 
2011 74 
2012 74 
2013 74 
2014 74 
2015 74 
2016 74 
2017 74 
2018 74 
2019 74 
2020 74 
2021 74 
2022 74 
2023 74 
2024 74 
2025 74 
2026 74 
2027 74 
2028 74 
2029 74 
2030 74 
2031 74 
2032 74 
2033 74 
2034 74 
2035 74 
2036 74 
2037 74 
2038 74 
2039 74 
2040 74 
2041 74 
2042 74 
2043 74 
2044 74 
2045 74 
2046 74 
2047 74 
2048 74 
2049 74 
2050 74 
2051 74 
2052 74 
2053 74 
2054 74 
2055 74 
2056 74 
2057 74 
2058 74 
2059 74 
2060 74 
2061 74 
2062 74 
2063 74 
2064 74 
2065 74 
2066 74 
2067 74 
2068 74 
2069 74 
2070 74 
2071 74 
2072 74 
2073 74 
2074 74 
2075 74 
2076 74 
2077 74 
2078 74 
2079 74 
2080 74 
2081 74 
2082 74 
2083 74 
2084 74 
2085 74 
2086 74 
2087 74 
2088 74 
2089 74 
2090 74 
2091 74 
2092 74 
2093 74 
2094 74 
2095 74 
2096 74 
2097 74 
2098 74 
2099 74 
2100 74 
2101 74 
2102 74 
2103 74 
2104 74 
2105 74 
2106 74 
2107 74 
2108 74 
2109 74 
2110 74 
2111 74 
2112 74 
2113 74 
2114 74 
2115 74 
2116 74 
2117 74 
2118 74 
2119 74 
2120 74 
2121 74 
2122 74 
2123 74 
2124 74 
2125 74 
2126 74 
2127 74 
2128 74 
2129 74 
2130 74 
2131 74 
2132 74 
2133 74 
2134 74 
2135 74 
2136 74 
2137 74 
2138 74 
2139 74 
2140 74 
2141 74 
2142 74 
2143 74 
2144 74 
2145 74 
2146 74 
2147 74 
2148 74 
2149 74 
2150 74 
2151 74 
2152 74 
2153 74 
2154 74 
2155 74 
2156 74 
2157 74 
2158 74 
2159 74 
2160 74 
2161 74 
2162 74 
2163 74 
2164 74 
2165 74 
2166 74 
2167 74 
2168 74 
2169 74 
2170 74 
2171 74 
2172 74 
2173 74 
2174 74 
2175 74 
2176 74 
2177 74 
2178 74 
2179 74 
2180 74 
2181 74 
2182 74 
2183 74 
2184 74 
2185 74 
2186 74 
2187 74 
2188 74 
2189 74 
2190 74 
2191 74 
2192 74 
2193 74 
2194 74 
2195 74 
2196 74 
2197 74 
2198 74 
2199 74 
2200 74 
2201 74 
2202 74 
2203 74 
2204 74 
2205 74 
2206 74 
2207 74 
2208 74 
2209 74 
2210 74 
2211 74 
2212 74 
2213 74 
2214 74 
2215 74 
2216 74 
2217 74 
2218 74 
2219 74 
2220 74 
2221 74 
2222 74 
2223 74 
2224 74 
2225 74 
2226 74 
2227 74 
2228 74 
2229 74 
2230 74 
2231 74 
2232 74 
2233 74 
2234 74 
2235 74 
2236 74 
2237 74 
2238 74 
2239 74 
2240 74 
2241 74 
2242 74 
2243 74 
2244 74 
2245 74 
2246 74 
2247 74 
2248 74 
2249 74 
2250 74 
2251 74 
2252 74 
2253 74 
2254 74 
2255 74 
2256 74 
2257 74 
2258 74 
2259 74 
2260 74 
2261 74 
2262 74 
2263 74 
2264 74 
2265 74 
2266 74 
2267 74 
2268 74 
2269 74 
2270 74 
2271 74 
2272 74 
2273 74 
2274 74 
2275 74 
2276 74 
2277 74 
2278 74 
2279 74 
2280 74 
2281 74 
2282 74 
2283 74 
2284 74 
2285 74 
2286 74 
2287 74 
2288 74 
2289 74 
2290 74 
2291 74 
2292 74 
2293 74 
2294 74 
2295 74 
2296 74 
2297 74 
2298 74 
2299 74 
2300 74 
2301 74 
2302 74 
2303 74 
2304 74 
2305 74 
2306 74 
2307 74 
2308 74 
2309 74 
2310 74 
2311 74 
2312 74 
2313 74 
2314 74 
2315 74 
2316 74 
2317 74 
2318 74 
2319 74 
2320 74 
2321 74 
2322 74 
2323 74 
2324 74 
2325 74 
2326 74 
2327 74 
2328 74 
2329 74 
2330 74 
2331 74 
2332 74 
2333 74 
2334 74 
2335 74 
2336 74 
2337 74 
2338 74 
2339 74 
2340 74 
2341 74 
2342 74 
2343 74 
2344 74 
2345 74 
2346 74 
2347 74 
2348 74 
2349 74 
2350 74 
2351 74 
2352 74 
2353 74 
2354 74 
2355 74 
2356 74 
2357 74 
2358 74 
2359 74 
2360 74 
2361 74 
2362 74 
2363 74 
2364 74 
2365 74 
2366 74 
2367 74 
2368 74 
2369 74 
2370 74 
2371 74 
2372 74 
2373 74 
2374 74 
2375 74 
2376 74 
2377 74 
2378 74 
2379 74 
2380 74 
2381 74 
2382 74 
2383 74 
2384 74 
2385 74 
2386 74 
2387 129 
2388 129 
2389 129 
2390 129 
2391 129 
2392 129 
2393 129 
2394 129 
2395 129 
2396 129 
2397 129 
2398 129 
2399 129 
2400 129 
2401 129 
2402 129 
2403 129 
2404 129 
2405 129 
2406 129 
2407 129 
2408 129 
2409 129 
2410 129 
2411 129 
2412 129 
2413 129 
2414 129 
2415 129 
2416 129 
2417 129 
2418 129 
2419 129 
2420 129 
2421 129 
2422 129 
2423 129 
2424 129 
2425 129 
2426 129 
2427 129 
2428 129 
2429 129 
2430 129 
2431 129 
2432 129 
2433 129 
2434 129 
2435 129 
2436 129 
2437 129 
2438 129 
2439 129 
2440 129 
2441 129 
2442 129 
2443 129 
2444 129 
2445 129 
2446 129 
2447 129 
2448 129 
2449 129 
2450 129 
2451 129 
2452 129 
2453 129 
2454 129 
2455 129 
2456 129 
2457 129 
2458 129 
2459 129 
2460 129 
2461 129 
2462 129 
2463 129 
2464 129 
2465 129 
2466 129 
2467 129 
2468 129 
2469 129 
2470 129 
2471 129 
2472 129 
2473 129 
2474 129 
2475 129 
2476 129 
2477 129 
2478 129 
2479 129 
2480 129 
2481 129 
2482 129 
2483 129 
2484 129 
2485 129 
2486 129 
2487 129 
2488 129 
2489 129 
2490 129 
2491 129 
2492 129 
2493 129 
2494 129 
2495 129 
2496 129 
2497 129 
2498 129 
2499 129 
2500 129 
2501 129 
2502 129 
2503 129 
2504 129 
2505 129 
2506 129 
2507 129 
2508 129 
2509 129 
2510 129 
2511 129 
2512 129 
2513 129 
2514 129 
2515 129 
2516 129 
2517 74 
2518 74 
2519 74 
2520 74 
2521 74 
2522 74 
2523 74 
2524 74 
2525 74 
2526 74 
2527 74 
2528 74 
2529 74 
2530 74 
2531 74 
2532 74 
2533 74 
2534 74 
2535 74 
2536 74 
2537 74 
2538 74 
2539 74 
2540 74 
2541 74 
2542 74 
2543 74 
2544 74 
2545 74 
2546 74 
2547 74 
2548 74 
2549 74 
2550 74 
2551 74 
2552 74 
2553 74 
2554 74 
2555 74 
2556 74 
2557 74 
2558 74 
2559 74 
2560 74 
2561 74 
2562 74 
2563 74 
2564 74 
2565 74 
2566 74 
2567 74 
2568 74 
2569 74 
2570 74 
2571 74 
2572 74 
2573 74 
2574 74 
2575 74 
2576 74 
2577 74 
2578 74 
2579 74 
2580 74 
2581 74 
2582 74 
2583 74 
2584 74 
2585 74 
2586 74 
2587 74 
2588 74 
2589 74 
2590 74 
2591 74 
2592 74 
2593 74 
2594 74 
2595 74 
2596 74 
2597 74 
2598 74 
2599 74 
2600 74 
2601 74 
2602 74 
2603 74 
2604 74 
2605 74 
2606 74 
2607 74 
2608 74 
2609 74 
2610 74 
2611 74 
2612 74 
2613 74 
2614 74 
2615 74 
2616 74 
2617 74 
2618 74 
2619 74 
2620 74 
2621 74 
2622 74 
2623 74 
2624 74 
2625 74 
2626 74 
2627 74 
2628 74 
2629 74 
2630 74 
2631 74 
2632 74 
2633 74 
2634 74 
2635 74 
2636 74 
2637 74 
2638 74 
2639 74 
2640 74 
2641 74 
2642 74 
2643 74 
2644 74 
2645 74 
2646 74 
2647 74 
2648 74 
2649 74 
2650 74 
2651 74 
2652 74 
2653 74 
2654 74 
2655 74 
2656 74 
2657 74 
2658 74 
2659 74 
2660 74 
2661 74 
2662 74 
2663 74 
2664 74 
2665 74 
2666 74 
2667 173 
2668 173 
2669 173 
2670 173 
2671 173 
2672 173 
2673 173 
2674 173 
2675 173 
2676 173 
2677 173 
2678 173 
2679 173 
2680 173 
2681 173 
2682 173 
2683 173 
2684 173 
2685 173 
2686 173 
2687 173 
2688 173 
2689 173 
2690 173 
2691 173 
2692 173 
2693 173 
2694 173 
2695 173 
2696 173 
2697 173 
2698 173 
2699 173 
2700 173 
2701 173 
2702 173 
2703 173 
2704 173 
2705 173 
2706 173 
2707 173 
2708 173 
2709 173 
2710 173 
2711 173 
2712 173 
2713 173 
2714 173 
2715 173 
2716 173 
2717 173 
2718 173 
2719 173 
2720 173 
2721 173 
2722 173 
2723 173 
2724 173 
2725 173 
2726 173 
2727 173 
2728 173 
2729 173 
2730 173 
2731 173 
2732 173 
2733 173 
2734 173 
2735 173 
2736 173 
2737 173 
2738 173 
2739 173 
2740 173 
2741 173 
2742 173 
2743 173 
2744 173 
2745 173 
2746 173 
2747 173 
2748 173 
2749 173 
2750 173 
2751 173 
2752 173 
2753 173 
2754 173 
2755 173 
2756 173 
2757 173 
2758 173 
2759 173 
2760 173 
2761 173 
2762 173 
2763 173 
2764 173 
2765 173 
2766 173 
2767 173 
2768 173 
2769 173 
2770 173 
2771 173 
2772 173 
2773 173 
2774 173 
2775 173 
2776 173 
2777 173 
2778 173 
2779 173 
2780 173 
2781 173 
2782 173 
2783 173 
2784 173 
2785 173 
2786 173 
2787 173 
2788 173 
2789 173 
2790 173 
2791 173 
2792 173 
2793 173 
2794 173 
2795 173 
2796 173 
2797 173 
2798 173 
2799 173 
2800 173 
2801 173 
2802 173 
2803 173 
2804 173 
2805 173 
2806 173 
2807 173 
2808 173 
2809 173 
2810 173 
2811 173 
2812 173 
2813 173 
2814 173 
2815 173 
2816 173 
2817 173 
2818 173 
2819 173 
2820 173 
2821 173 
2822 173 
2823 173 
2824 173 
2825 173 
2826 173 
2827 173 
2828 173 
2829 173 
2830 173 
2831 173 
2832 173 
2833 173 
2834 173 
2835 173 
2836 173 
2837 173 
2838 173 
2839 173 
2840 173 
2841 114 
2842 114 
2843 114 
2844 114 
2845 114 
2846 114 
2847 114 
2848 114 
2849 114 
2850 114 
2851 114 
2852 114 
2853 114 
2854 114 
2855 114 
2856 114 
2857 114 
2858 114 
2859 114 
2860 114 
2861 114 
2862 114 
2863 114 
2864 114 
2865 114 
2866 114 
2867 114 
2868 114 
2869 114 
2870 114 
2871 114 
2872 114 
2873 114 
2874 114 
2875 114 
2876 114 
2877 114 
2878 114 
2879 114 
2880 114 
2881 114 
2882 114 
2883 114 
2884 114 
2885 114 
2886 114 
2887 114 
2888 114 
2889 114 
2890 114 
2891 114 
2892 114 
2893 114 
2894 114 
2895 114 
2896 114 
2897 114 
2898 114 
2899 114 
2900 114 
2901 114 
2902 114 
2903 114 
2904 114 
2905 114 
2906 114 
2907 114 
2908 114 
2909 114 
2910 114 
2911 114 
2912 114 
2913 114 
2914 114 
2915 114 
2916 114 
2917 114 
2918 114 
2919 114 
2920 114 
2921 114 
2922 114 
2923 114 
2924 114 
2925 114 
2926 114 
2927 114 
2928 114 
2929 114 
2930 114 
2931 114 
2932 114 
2933 114 
2934 114 
2935 114 
2936 114 
2937 114 
2938 114 
2939 114 
2940 114 
2941 114 
2942 114 
2943 114 
2944 114 
2945 114 
2946 114 
2947 114 
2948 114 
2949 114 
2950 114 
2951 114 
2952 114 
2953 114 
2954 114 
2955 114 
2956 89 
2957 89 
2958 89 
2959 89 
2960 89 
2961 89 
2962 89 
2963 89 
2964 89 
2965 89 
2966 89 
2967 89 
2968 89 
2969 89 
2970 89 
2971 89 
2972 89 
2973 89 
2974 89 
2975 89 
2976 89 
2977 89 
2978 89 
2979 89 
2980 89 
2981 89 
2982 89 
2983 89 
2984 89 
2985 89 
2986 89 
2987 89 
2988 89 
2989 89 
2990 89 
2991 89 
2992 89 
2993 89 
2994 89 
2995 89 
2996 89 
2997 89 
2998 89 
2999 89 
3000 89 
3001 89 
3002 89 
3003 89 
3004 89 
3005 89 
3006 89 
3007 89 
3008 89 
3009 89 
3010 89 
3011 89 
3012 89 
3013 89 
3014 89 
3015 89 
3016 89 
3017 89 
3018 89 
3019 89 
3020 89 
3021 89 
3022 89 
3023 89 
3024 89 
3025 89 
3026 89 
3027 89 
3028 89 
3029 89 
3030 89 
3031 89 
3032 89 
3033 89 
3034 89 
3035 89 
3036 89 
3037 89 
3038 89 
3039 89 
3040 89 
3041 89 
3042 89 
3043 89 
3044 89 
3045 89 
3046 114 
3047 114 
3048 114 
3049 114 
3050 114 
3051 114 
3052 114 
3053 114 
3054 114 
3055 114 
3056 114 
3057 114 
3058 114 
3059 114 
3060 114 
3061 114 
3062 114 
3063 114 
3064 114 
3065 114 
3066 114 
3067 114 
3068 114 
3069 114 
3070 114 
3071 114 
3072 114 
3073 114 
3074 114 
3075 114 
3076 114 
3077 114 
3078 114 
3079 114 
3080 114 
3081 114 
3082 114 
3083 114 
3084 114 
3085 114 
3086 114 
3087 114 
3088 114 
3089 114 
3090 114 
3091 114 
3092 114 
3093 114 
3094 114 
3095 114 
3096 114 
3097 114 
3098 114 
3099 114 
3100 114 
3101 114 
3102 114 
3103 114 
3104 114 
3105 114 
3106 114 
3107 114 
3108 114 
3109 114 
3110 114 
3111 114 
3112 114 
3113 114 
3114 114 
3115 114 
3116 114 
3117 114 
3118 114 
3119 114 
3120 114 
3121 114 
3122 114 
3123 114 
3124 114 
3125 114 
3126 114 
3127 114 
3128 114 
3129 114 
3130 114 
3131 114 
3132 114 
3133 114 
3134 114 
3135 114 
3136 114 
3137 114 
3138 114 
3139 114 
3140 114 
3141 114 
3142 114 
3143 114 
3144 114 
3145 114 
3146 114 
3147 114 
3148 114 
3149 114 
3150 114 
3151 114 
3152 114 
3153 114 
3154 114 
3155 114 
3156 114 
3157 114 
3158 114 
3159 114 
3160 114 
3161 89 
3162 89 
3163 89 
3164 89 
3165 89 
3166 89 
3167 89 
3168 89 
3169 89 
3170 89 
3171 89 
3172 89 
3173 89 
3174 89 
3175 89 
3176 89 
3177 89 
3178 89 
3179 89 
3180 89 
3181 89 
3182 89 
3183 89 
3184 89 
3185 89 
3186 89 
3187 89 
3188 89 
3189 89 
3190 89 
3191 89 
3192 89 
3193 89 
3194 89 
3195 89 
3196 89 
3197 89 
3198 89 
3199 89 
3200 89 
3201 89 
3202 89 
3203 89 
3204 89 
3205 89 
3206 89 
3207 89 
3208 89 
3209 89 
3210 89 
3211 89 
3212 89 
3213 89 
3214 89 
3215 89 
3216 89 
3217 89 
3218 89 
3219 89 
3220 89 
3221 89 
3222 89 
3223 89 
3224 89 
3225 89 
3226 89 
3227 89 
3228 89 
3229 89 
3230 89 
3231 89 
3232 89 
3233 89 
3234 89 
3235 89 
3236 89 
3237 89 
3238 89 
3239 89 
3240 89 
3241 89 
3242 89 
3243 89 
3244 89 
3245 89 
3246 89 
3247 89 
3248 89 
3249 89 
3250 89 
3251 239 
3252 239 
3253 239 
3254 239 
3255 239 
3256 239 
3257 239 
3258 239 
3259 239 
3260 239 
3261 239 
3262 239 
3263 239 
3264 239 
3265 239 
3266 239 
3267 239 
3268 239 
3269 239 
3270 239 
3271 239 
3272 239 
3273 239 
3274 239 
3275 239 
3276 239 
3277 239 
3278 239 
3279 239 
3280 239 
3281 239 
3282 239 
3283 239 
3284 239 
3285 239 
3286 239 
3287 239 
3288 239 
3289 239 
3290 239 
3291 239 
3292 239 
3293 239 
3294 239 
3295 239 
3296 239 
3297 239 
3298 239 
3299 239 
3300 239 
3301 239 
3302 239 
3303 239 
3304 239 
3305 239 
3306 239 
3307 239 
3308 239 
3309 239 
3310 239 
3311 239 
3312 239 
3313 239 
3314 239 
3315 239 
3316 239 
3317 239 
3318 239 
3319 239 
3320 239 
3321 239 
3322 239 
3323 239 
3324 239 
3325 239 
3326 239 
3327 239 
3328 239 
3329 239 
3330 239 
3331 239 
3332 239 
3333 239 
3334 239 
3335 239 
3336 239 
3337 239 
3338 239 
3339 239 
3340 239 
3341 239 
3342 239 
3343 239 
3344 239 
3345 239 
3346 239 
3347 239 
3348 239 
3349 239 
3350 239 
3351 239 
3352 239 
3353 239 
3354 239 
3355 239 
3356 239 
3357 239 
3358 239 
3359 239 
3360 239 
3361 239 
3362 239 
3363 239 
3364 239 
3365 239 
3366 239 
3367 239 
3368 239 
3369 239 
3370 239 
3371 239 
3372 239 
3373 239 
3374 239 
3375 239 
3376 239 
3377 239 
3378 239 
3379 239 
3380 239 
3381 239 
3382 239 
3383 239 
3384 239 
3385 239 
3386 239 
3387 239 
3388 239 
3389 239 
3390 239 
3391 239 
3392 239 
3393 239 
3394 239 
3395 239 
3396 239 
3397 239 
3398 239 
3399 239 
3400 239 
3401 239 
3402 239 
3403 239 
3404 239 
3405 239 
3406 239 
3407 239 
3408 239 
3409 239 
3410 239 
3411 239 
3412 239 
3413 239 
3414 239 
3415 239 
3416 239 
3417 239 
3418 239 
3419 239 
3420 239 
3421 239 
3422 239 
3423 239 
3424 239 
3425 239 
3426 239 
3427 239 
3428 239 
3429 239 
3430 239 
3431 239 
3432 239 
3433 239 
3434 239 
3435 239 
3436 239 
3437 239 
3438 239 
3439 239 
3440 239 
3441 239 
3442 239 
3443 239 
3444 239 
3445 239 
3446 239 
3447 239 
3448 239 
3449 239 
3450 239 
3451 239 
3452 239 
3453 239 
3454 239 
3455 239 
3456 239 
3457 239 
3458 239 
3459 239 
3460 239 
3461 239 
3462 239 
3463 239 
3464 239 
3465 239 
3466 239 
3467 239 
3468 239 
3469 239 
3470 239 
3471 239 
3472 239 
3473 239 
3474 239 
3475 239 
3476 239 
3477 239 
3478 239 
3479 239 
3480 239 
3481 239 
3482 239 
3483 239 
3484 239 
3485 239 
3486 239 
3487 239 
3488 239 
3489 239 
3490 239 
3491 69 
3492 69 
3493 69 
3494 69 
3495 69 
3496 69 
3497 69 
3498 69 
3499 69 
3500 69 
3501 69 
3502 69 
3503 69 
3504 69 
3505 69 
3506 69 
3507 69 
3508 69 
3509 69 
3510 69 
3511 69 
3512 69 
3513 69 
3514 69 
3515 69 
3516 69 
3517 69 
3518 69 
3519 69 
3520 69 
3521 69 
3522 69 
3523 69 
3524 69 
3525 69 
3526 69 
3527 69 
3528 69 
3529 69 
3530 69 
3531 69 
3532 69 
3533 69 
3534 69 
3535 69 
3536 69 
3537 69 
3538 69 
3539 69 
3540 69 
3541 69 
3542 69 
3543 69 
3544 69 
3545 69 
3546 69 
3547 69 
3548 69 
3549 69 
3550 69 
3551 69 
3552 69 
3553 69 
3554 69 
3555 69 
3556 69 
3557 69 
3558 69 
3559 69 
3560 69 
3561 139 
3562 139 
3563 139 
3564 139 
3565 139 
3566 139 
3567 139 
3568 139 
3569 139 
3570 139 
3571 139 
3572 139 
3573 139 
3574 139 
3575 139 
3576 139 
3577 139 
3578 139 
3579 139 
3580 139 
3581 139 
3582 139 
3583 139 
3584 139 
3585 139 
3586 139 
3587 139 
3588 139 
3589 139 
3590 139 
3591 139 
3592 139 
3593 139 
3594 139 
3595 139 
3596 139 
3597 139 
3598 139 
3599 139 
3600 139 
3601 139 
3602 139 
3603 139 
3604 139 
3605 139 
3606 139 
3607 139 
3608 139 
3609 139 
3610 139 
3611 139 
3612 139 
3613 139 
3614 139 
3615 139 
3616 139 
3617 139 
3618 139 
3619 139 
3620 139 
3621 139 
3622 139 
3623 139 
3624 139 
3625 139 
3626 139 
3627 139 
3628 139 
3629 139 
3630 139 
3631 139 
3632 139 
3633 139 
3634 139 
3635 139 
3636 139 
3637 139 
3638 139 
3639 139 
3640 139 
3641 139 
3642 139 
3643 139 
3644 139 
3645 139 
3646 139 
3647 139 
3648 139 
3649 139 
3650 139 
3651 139 
3652 139 
3653 139 
3654 139 
3655 139 
3656 139 
3657 139 
3658 139 
3659 139 
3660 139 
3661 139 
3662 139 
3663 139 
3664 139 
3665 139 
3666 139 
3667 139 
3668 139 
3669 139 
3670 139 
3671 139 
3672 139 
3673 139 
3674 139 
3675 139 
3676 139 
3677 139 
3678 139 
3679 139 
3680 139 
3681 139 
3682 139 
3683 139 
3684 139 
3685 139 
3686 139 
3687 139 
3688 139 
3689 139 
3690 139 
3691 139 
3692 139 
3693 139 
3694 139 
3695 139 
3696 139 
3697 139 
3698 139 
3699 139 
3700 139 
3701 139 
3702 139 
3703 139 
3704 139 
3705 139 
3706 139 
3707 139 
3708 139 
3709 139 
3710 139 
3711 139 
3712 139 
3713 139 
3714 139 
3715 139 
3716 139 
3717 139 
3718 139 
3719 139 
3720 139 
3721 139 
3722 139 
3723 139 
3724 139 
3725 139 
3726 139 
3727 139 
3728 139 
3729 139 
3730 139 
3731 139 
3732 139 
3733 139 
3734 139 
3735 139 
3736 139 
3737 139 
3738 139 
3739 139 
3740 139 
3741 139 
3742 139 
3743 139 
3744 139 
3745 139 
3746 139 
3747 139 
3748 139 
3749 139 
3750 139 
3751 139 
3752 139 
3753 139 
3754 139 
3755 139 
3756 139 
3757 139 
3758 139 
3759 139 
3760 139 
3761 139 
3762 139 
3763 139 
3764 139 
3765 139 
3766 139 
3767 139 
3768 139 
3769 139 
3770 139 
3771 139 
3772 139 
3773 139 
3774 139 
3775 139 
3776 139 
3777 139 
3778 139 
3779 139 
3780 139 
3781 139 
3782 139 
3783 139 
3784 139 
3785 139 
3786 139 
3787 139 
3788 139 
3789 139 
3790 139 
3791 139 
3792 139 
3793 139 
3794 139 
3795 139 
3796 139 
3797 139 
3798 139 
3799 139 
3800 139 
3801 139 
3802 139 
3803 139 
3804 139 
3805 139 
3806 139 
3807 139 
3808 139 
3809 139 
3810 139 
3811 139 
3812 139 
3813 139 
3814 139 
3815 139 
3816 139 
3817 139 
3818 139 
3819 139 
3820 139 
3821 139 
3822 139 
3823 139 
3824 139 
3825 139 
3826 139 
3827 139 
3828 139 
3829 139 
3830 139 
3831 139 
3832 139 
3833 139 
3834 139 
3835 139 
3836 139 
3837 139 
3838 139 
3839 139 
3840 139 
3841 89 
3842 89 
3843 89 
3844 89 
3845 89 
3846 89 
3847 89 
3848 89 
3849 89 
3850 89 
3851 89 
3852 89 
3853 89 
3854 89 
3855 89 
3856 89 
3857 89 
3858 89 
3859 89 
3860 89 
3861 89 
3862 89 
3863 89 
3864 89 
3865 89 
3866 89 
3867 89 
3868 89 
3869 89 
3870 89 
3871 89 
3872 89 
3873 89 
3874 89 
3875 89 
3876 89 
3877 89 
3878 89 
3879 89 
3880 89 
3881 89 
3882 89 
3883 89 
3884 89 
3885 89 
3886 89 
3887 89 
3888 89 
3889 89 
3890 89 
3891 89 
3892 89 
3893 89 
3894 89 
3895 89 
3896 89 
3897 89 
3898 89 
3899 89 
3900 89 
3901 89 
3902 89 
3903 89 
3904 89 
3905 89 
3906 89 
3907 89 
3908 89 
3909 89 
3910 89 
3911 89 
3912 89 
3913 89 
3914 89 
3915 89 
3916 89 
3917 89 
3918 89 
3919 89 
3920 89 
3921 89 
3922 89 
3923 89 
3924 89 
3925 89 
3926 89 
3927 89 
3928 89 
3929 89 
3930 89 
3931 539 
3932 539 
3933 539 
3934 539 
3935 539 
3936 539 
3937 539 
3938 539 
3939 539 
3940 539 
3941 539 
3942 539 
3943 539 
3944 539 
3945 539 
3946 539 
3947 539 
3948 539 
3949 539 
3950 539 
3951 539 
3952 539 
3953 539 
3954 539 
3955 539 
3956 539 
3957 539 
3958 539 
3959 539 
3960 539 
3961 539 
3962 539 
3963 539 
3964 539 
3965 539 
3966 539 
3967 539 
3968 539 
3969 539 
3970 539 
3971 539 
3972 539 
3973 539 
3974 539 
3975 539 
3976 539 
3977 539 
3978 539 
3979 539 
3980 539 
3981 539 
3982 539 
3983 539 
3984 539 
3985 539 
3986 539 
3987 539 
3988 539 
3989 539 
3990 539 
3991 539 
3992 539 
3993 539 
3994 539 
3995 539 
3996 539 
3997 539 
3998 539 
3999 539 
4000 539 
4001 539 
4002 539 
4003 539 
4004 539 
4005 539 
4006 539 
4007 539 
4008 539 
4009 539 
4010 539 
4011 539 
4012 539 
4013 539 
4014 539 
4015 539 
4016 539 
4017 539 
4018 539 
4019 539 
4020 539 
4021 539 
4022 539 
4023 539 
4024 539 
4025 539 
4026 539 
4027 539 
4028 539 
4029 539 
4030 539 
4031 539 
4032 539 
4033 539 
4034 539 
4035 539 
4036 539 
4037 539 
4038 539 
4039 539 
4040 539 
4041 539 
4042 539 
4043 539 
4044 539 
4045 539 
4046 539 
4047 539 
4048 539 
4049 539 
4050 539 
4051 539 
4052 539 
4053 539 
4054 539 
4055 539 
4056 539 
4057 539 
4058 539 
4059 539 
4060 539 
4061 539 
4062 539 
4063 539 
4064 539 
4065 539 
4066 539 
4067 539 
4068 539 
4069 539 
4070 539 
4071 539 
4072 539 
4073 539 
4074 539 
4075 539 
4076 539 
4077 539 
4078 539 
4079 539 
4080 539 
4081 539 
4082 539 
4083 539 
4084 539 
4085 539 
4086 539 
4087 539 
4088 539 
4089 539 
4090 539 
4091 539 
4092 539 
4093 539 
4094 539 
4095 539 
4096 539 
4097 539 
4098 539 
4099 539 
4100 539 
4101 539 
4102 539 
4103 539 
4104 539 
4105 539 
4106 539 
4107 539 
4108 539 
4109 539 
4110 539 
4111 539 
4112 539 
4113 539 
4114 539 
4115 539 
4116 539 
4117 539 
4118 539 
4119 539 
4120 539 
4121 539 
4122 539 
4123 539 
4124 539 
4125 539 
4126 539 
4127 539 
4128 539 
4129 539 
4130 539 
4131 539 
4132 539 
4133 539 
4134 539 
4135 539 
4136 539 
4137 539 
4138 539 
4139 539 
4140 539 
4141 539 
4142 539 
4143 539 
4144 539 
4145 539 
4146 539 
4147 539 
4148 539 
4149 539 
4150 539 
4151 539 
4152 539 
4153 539 
4154 539 
4155 539 
4156 539 
4157 539 
4158 539 
4159 539 
4160 539 
4161 539 
4162 539 
4163 539 
4164 539 
4165 539 
4166 539 
4167 539 
4168 539 
4169 539 
4170 539 
4171 539 
4172 539 
4173 539 
4174 539 
4175 539 
4176 539 
4177 539 
4178 539 
4179 539 
4180 539 
4181 539 
4182 539 
4183 539 
4184 539 
4185 539 
4186 539 
4187 539 
4188 539 
4189 539 
4190 539 
4191 539 
4192 539 
4193 539 
4194 539 
4195 539 
4196 539 
4197 539 
4198 539 
4199 539 
4200 539 
4201 539 
4202 539 
4203 539 
4204 539 
4205 539 
4206 539 
4207 539 
4208 539 
4209 539 
4210 539 
4211 539 
4212 539 
4213 539 
4214 539 
4215 539 
4216 539 
4217 539 
4218 539 
4219 539 
4220 539 
4221 539 
4222 539 
4223 539 
4224 539 
4225 539 
4226 539 
4227 539 
4228 539 
4229 539 
4230 539 
4231 539 
4232 539 
4233 539 
4234 539 
4235 539 
4236 539 
4237 539 
4238 539 
4239 539 
4240 539 
4241 539 
4242 539 
4243 539 
4244 539 
4245 539 
4246 539 
4247 539 
4248 539 
4249 539 
4250 539 
4251 539 
4252 539 
4253 539 
4254 539 
4255 539 
4256 539 
4257 539 
4258 539 
4259 539 
4260 539 
4261 539 
4262 539 
4263 539 
4264 539 
4265 539 
4266 539 
4267 539 
4268 539 
4269 539 
4270 539 
4271 539 
4272 539 
4273 539 
4274 539 
4275 539 
4276 539 
4277 539 
4278 539 
4279 539 
4280 539 
4281 539 
4282 539 
4283 539 
4284 539 
4285 539 
4286 539 
4287 539 
4288 539 
4289 539 
4290 539 
4291 539 
4292 539 
4293 539 
4294 539 
4295 539 
4296 539 
4297 539 
4298 539 
4299 539 
4300 539 
4301 539 
4302 539 
4303 539 
4304 539 
4305 539 
4306 539 
4307 539 
4308 539 
4309 539 
4310 539 
4311 539 
4312 539 
4313 539 
4314 539 
4315 539 
4316 539 
4317 539 
4318 539 
4319 539 
4320 539 
4321 539 
4322 539 
4323 539 
4324 539 
4325 539 
4326 539 
4327 539 
4328 539 
4329 539 
4330 539 
4331 539 
4332 539 
4333 539 
4334 539 
4335 539 
4336 539 
4337 539 
4338 539 
4339 539 
4340 539 
4341 539 
4342 539 
4343 539 
4344 539 
4345 539 
4346 539 
4347 539 
4348 539 
4349 539 
4350 539 
4351 539 
4352 539 
4353 539 
4354 539 
4355 539 
4356 539 
4357 539 
4358 539 
4359 539 
4360 539 
4361 539 
4362 539 
4363 539 
4364 539 
4365 539 
4366 539 
4367 539 
4368 539 
4369 539 
4370 539 
4371 539 
4372 539 
4373 539 
4374 539 
4375 539 
4376 539 
4377 539 
4378 539 
4379 539 
4380 539 
4381 539 
4382 539 
4383 539 
4384 539 
4385 539 
4386 539 
4387 539 
4388 539 
4389 539 
4390 539 
4391 539 
4392 539 
4393 539 
4394 539 
4395 539 
4396 539 
4397 539 
4398 539 
4399 539 
4400 539 
4401 539 
4402 539 
4403 539 
4404 539 
4405 539 
4406 539 
4407 539 
4408 539 
4409 539 
4410 539 
4411 539 
4412 539 
4413 539 
4414 539 
4415 539 
4416 539 
4417 539 
4418 539 
4419 539 
4420 539 
4421 539 
4422 539 
4423 539 
4424 539 
4425 539 
4426 539 
4427 539 
4428 539 
4429 539 
4430 539 
4431 539 
4432 539 
4433 539 
4434 539 
4435 539 
4436 539 
4437 539 
4438 539 
4439 539 
4440 539 
4441 539 
4442 539 
4443 539 
4444 539 
4445 539 
4446 539 
4447 539 
4448 539 
4449 539 
4450 539 
4451 539 
4452 539 
4453 539 
4454 539 
4455 539 
4456 539 
4457 539 
4458 539 
4459 539 
4460 539 
4461 539 
4462 539 
4463 539 
4464 539 
4465 539 
4466 539 
4467 539 
4468 539 
4469 539 
4470 539 
4471 339 
4472 339 
4473 339 
4474 339 
4475 339 
4476 339 
4477 339 
4478 339 
4479 339 
4480 339 
4481 339 
4482 339 
4483 339 
4484 339 
4485 339 
4486 339 
4487 339 
4488 339 
4489 339 
4490 339 
4491 339 
4492 339 
4493 339 
4494 339 
4495 339 
4496 339 
4497 339 
4498 339 
4499 339 
4500 339 
4501 339 
4502 339 
4503 339 
4504 339 
4505 339 
4506 339 
4507 339 
4508 339 
4509 339 
4510 339 
4511 339 
4512 339 
4513 339 
4514 339 
4515 339 
4516 339 
4517 339 
4518 339 
4519 339 
4520 339 
4521 339 
4522 339 
4523 339 
4524 339 
4525 339 
4526 339 
4527 339 
4528 339 
4529 339 
4530 339 
4531 339 
4532 339 
4533 339 
4534 339 
4535 339 
4536 339 
4537 339 
4538 339 
4539 339 
4540 339 
4541 339 
4542 339 
4543 339 
4544 339 
4545 339 
4546 339 
4547 339 
4548 339 
4549 339 
4550 339 
4551 339 
4552 339 
4553 339 
4554 339 
4555 339 
4556 339 
4557 339 
4558 339 
4559 339 
4560 339 
4561 339 
4562 339 
4563 339 
4564 339 
4565 339 
4566 339 
4567 339 
4568 339 
4569 339 
4570 339 
4571 339 
4572 339 
4573 339 
4574 339 
4575 339 
4576 339 
4577 339 
4578 339 
4579 339 
4580 339 
4581 339 
4582 339 
4583 339 
4584 339 
4585 339 
4586 339 
4587 339 
4588 339 
4589 339 
4590 339 
4591 339 
4592 339 
4593 339 
4594 339 
4595 339 
4596 339 
4597 339 
4598 339 
4599 339 
4600 339 
4601 339 
4602 339 
4603 339 
4604 339 
4605 339 
4606 339 
4607 339 
4608 339 
4609 339 
4610 339 
4611 339 
4612 339 
4613 339 
4614 339 
4615 339 
4616 339 
4617 339 
4618 339 
4619 339 
4620 339 
4621 339 
4622 339 
4623 339 
4624 339 
4625 339 
4626 339 
4627 339 
4628 339 
4629 339 
4630 339 
4631 339 
4632 339 
4633 339 
4634 339 
4635 339 
4636 339 
4637 339 
4638 339 
4639 339 
4640 339 
4641 339 
4642 339 
4643 339 
4644 339 
4645 339 
4646 339 
4647 339 
4648 339 
4649 339 
4650 339 
4651 339 
4652 339 
4653 339 
4654 339 
4655 339 
4656 339 
4657 339 
4658 339 
4659 339 
4660 339 
4661 339 
4662 339 
4663 339 
4664 339 
4665 339 
4666 339 
4667 339 
4668 339 
4669 339 
4670 339 
4671 339 
4672 339 
4673 339 
4674 339 
4675 339 
4676 339 
4677 339 
4678 339 
4679 339 
4680 339 
4681 339 
4682 339 
4683 339 
4684 339 
4685 339 
4686 339 
4687 339 
4688 339 
4689 339 
4690 339 
4691 339 
4692 339 
4693 339 
4694 339 
4695 339 
4696 339 
4697 339 
4698 339 
4699 339 
4700 339 
4701 339 
4702 339 
4703 339 
4704 339 
4705 339 
4706 339 
4707 339 
4708 339 
4709 339 
4710 339 
4711 339 
4712 339 
4713 339 
4714 339 
4715 339 
4716 339 
4717 339 
4718 339 
4719 339 
4720 339 
4721 339 
4722 339 
4723 339 
4724 339 
4725 339 
4726 339 
4727 339 
4728 339 
4729 339 
4730 339 
4731 339 
4732 339 
4733 339 
4734 339 
4735 339 
4736 339 
4737 339 
4738 339 
4739 339 
4740 339 
4741 339 
4742 339 
4743 339 
4744 339 
4745 339 
4746 339 
4747 339 
4748 339 
4749 339 
4750 339 
4751 339 
4752 339 
4753 339 
4754 339 
4755 339 
4756 339 
4757 339 
4758 339 
4759 339 
4760 339 
4761 339 
4762 339 
4763 339 
4764 339 
4765 339 
4766 339 
4767 339 
4768 339 
4769 339 
4770 339 
4771 339 
4772 339 
4773 339 
4774 339 
4775 339 
4776 339 
4777 339 
4778 339 
4779 339 
4780 339 
4781 339 
4782 339 
4783 339 
4784 339 
4785 339 
4786 339 
4787 339 
4788 339 
4789 339 
4790 339 
4791 339 
4792 339 
4793 339 
4794 339 
4795 339 
4796 339 
4797 339 
4798 339 
4799 339 
4800 339 
4801 339 
4802 339 
4803 339 
4804 339 
4805 339 
4806 339 
4807 339 
4808 339 
4809 339 
4810 339 
4811 69 
4812 69 
4813 69 
4814 69 
4815 69 
4816 69 
4817 69 
4818 69 
4819 69 
4820 69 
4821 69 
4822 69 
4823 69 
4824 69 
4825 69 
4826 69 
4827 69 
4828 69 
4829 69 
4830 69 
4831 69 
4832 69 
4833 69 
4834 69 
4835 69 
4836 69 
4837 69 
4838 69 
4839 69 
4840 69 
4841 69 
4842 69 
4843 69 
4844 69 
4845 69 
4846 69 
4847 69 
4848 69 
4849 69 
4850 69 
4851 69 
4852 69 
4853 69 
4854 69 
4855 69 
4856 69 
4857 69 
4858 69 
4859 69 
4860 69 
4861 69 
4862 69 
4863 69 
4864 69 
4865 69 
4866 69 
4867 69 
4868 69 
4869 69 
4870 69 
4871 69 
4872 69 
4873 69 
4874 69 
4875 69 
4876 69 
4877 69 
4878 69 
4879 69 
4880 69 
4881 54 
4882 54 
4883 54 
4884 54 
4885 54 
4886 54 
4887 54 
4888 54 
4889 54 
4890 54 
4891 54 
4892 54 
4893 54 
4894 54 
4895 54 
4896 54 
4897 54 
4898 54 
4899 54 
4900 54 
4901 54 
4902 54 
4903 54 
4904 54 
4905 54 
4906 54 
4907 54 
4908 54 
4909 54 
4910 54 
4911 54 
4912 54 
4913 54 
4914 54 
4915 54 
4916 54 
4917 54 
4918 54 
4919 54 
4920 54 
4921 54 
4922 54 
4923 54 
4924 54 
4925 54 
4926 54 
4927 54 
4928 54 
4929 54 
4930 54 
4931 54 
4932 54 
4933 54 
4934 54 
4935 54 
4936 89 
4937 89 
4938 89 
4939 89 
4940 89 
4941 89 
4942 89 
4943 89 
4944 89 
4945 89 
4946 89 
4947 89 
4948 89 
4949 89 
4950 89 
4951 89 
4952 89 
4953 89 
4954 89 
4955 89 
4956 89 
4957 89 
4958 89 
4959 89 
4960 89 
4961 89 
4962 89 
4963 89 
4964 89 
4965 89 
4966 89 
4967 89 
4968 89 
4969 89 
4970 89 
4971 89 
4972 89 
4973 89 
4974 89 
4975 89 
4976 89 
4977 89 
4978 89 
4979 89 
4980 89 
4981 89 
4982 89 
4983 89 
4984 89 
4985 89 
4986 89 
4987 89 
4988 89 
4989 89 
4990 89 
4991 89 
4992 89 
4993 89 
4994 89 
4995 89 
4996 89 
4997 89 
4998 89 
4999 89 
5000 89 
5001 89 
5002 89 
5003 89 
5004 89 
5005 89 
5006 89 
5007 89 
5008 89 
5009 89 
5010 89 
5011 89 
5012 89 
5013 89 
5014 89 
5015 89 
5016 89 
5017 89 
5018 89 
5019 89 
5020 89 
5021 89 
5022 89 
5023 89 
5024 89 
5025 89 
5026 79 
5027 79 
5028 79 
5029 79 
5030 79 
5031 79 
5032 79 
5033 79 
5034 79 
5035 79 
5036 79 
5037 79 
5038 79 
5039 79 
5040 79 
5041 79 
5042 79 
5043 79 
5044 79 
5045 79 
5046 79 
5047 79 
5048 79 
5049 79 
5050 79 
5051 79 
5052 79 
5053 79 
5054 79 
5055 79 
5056 79 
5057 79 
5058 79 
5059 79 
5060 79 
5061 79 
5062 79 
5063 79 
5064 79 
5065 79 
5066 79 
5067 79 
5068 79 
5069 79 
5070 79 
5071 79 
5072 79 
5073 79 
5074 79 
5075 79 
5076 79 
5077 79 
5078 79 
5079 79 
5080 79 
5081 79 
5082 79 
5083 79 
5084 79 
5085 79 
5086 79 
5087 79 
5088 79 
5089 79 
5090 79 
5091 79 
5092 79 
5093 79 
5094 79 
5095 79 
5096 79 
5097 79 
5098 79 
5099 79 
5100 79 
5101 79 
5102 79 
5103 79 
5104 79 
5105 79 
5106 54 
5107 54 
5108 54 
5109 54 
5110 54 
5111 54 
5112 54 
5113 54 
5114 54 
5115 54 
5116 54 
5117 54 
5118 54 
5119 54 
5120 54 
5121 54 
5122 54 
5123 54 
5124 54 
5125 54 
5126 54 
5127 54 
5128 54 
5129 54 
5130 54 
5131 54 
5132 54 
5133 54 
5134 54 
5135 54 
5136 54 
5137 54 
5138 54 
5139 54 
5140 54 
5141 54 
5142 54 
5143 54 
5144 54 
5145 54 
5146 54 
5147 54 
5148 54 
5149 54 
5150 54 
5151 54 
5152 54 
5153 54 
5154 54 
5155 54 
5156 54 
5157 54 
5158 54 
5159 54 
5160 54 
5161 69 
5162 69 
5163 69 
5164 69 
5165 69 
5166 69 
5167 69 
5168 69 
5169 69 
5170 69 
5171 69 
5172 69 
5173 69 
5174 69 
5175 69 
5176 69 
5177 69 
5178 69 
5179 69 
5180 69 
5181 69 
5182 69 
5183 69 
5184 69 
5185 69 
5186 69 
5187 69 
5188 69 
5189 69 
5190 69 
5191 69 
5192 69 
5193 69 
5194 69 
5195 69 
5196 69 
5197 69 
5198 69 
5199 69 
5200 69 
5201 69 
5202 69 
5203 69 
5204 69 
5205 69 
5206 69 
5207 69 
5208 69 
5209 69 
5210 69 
5211 69 
5212 69 
5213 69 
5214 69 
5215 69 
5216 69 
5217 69 
5218 69 
5219 69 
5220 69 
5221 69 
5222 69 
5223 69 
5224 69 
5225 69 
5226 69 
5227 69 
5228 69 
5229 69 
5230 69 
5231 114 
5232 114 
5233 114 
5234 114 
5235 114 
5236 114 
5237 114 
5238 114 
5239 114 
5240 114 
5241 114 
5242 114 
5243 114 
5244 114 
5245 114 
5246 114 
5247 114 
5248 114 
5249 114 
5250 114 
5251 114 
5252 114 
5253 114 
5254 114 
5255 114 
5256 114 
5257 114 
5258 114 
5259 114 
5260 114 
5261 114 
5262 114 
5263 114 
5264 114 
5265 114 
5266 114 
5267 114 
5268 114 
5269 114 
5270 114 
5271 114 
5272 114 
5273 114 
5274 114 
5275 114 
5276 114 
5277 114 
5278 114 
5279 114 
5280 114 
5281 114 
5282 114 
5283 114 
5284 114 
5285 114 
5286 114 
5287 114 
5288 114 
5289 114 
5290 114 
5291 114 
5292 114 
5293 114 
5294 114 
5295 114 
5296 114 
5297 114 
5298 114 
5299 114 
5300 114 
5301 114 
5302 114 
5303 114 
5304 114 
5305 114 
5306 114 
5307 114 
5308 114 
5309 114 
5310 114 
5311 114 
5312 114 
5313 114 
5314 114 
5315 114 
5316 114 
5317 114 
5318 114 
5319 114 
5320 114 
5321 114 
5322 114 
5323 114 
5324 114 
5325 114 
5326 114 
5327 114 
5328 114 
5329 114 
5330 114 
5331 114 
5332 114 
5333 114 
5334 114 
5335 114 
5336 114 
5337 114 
5338 114 
5339 114 
5340 114 
5341 114 
5342 114 
5343 114 
5344 114 
5345 114 
5346 139 
5347 139 
5348 139 
5349 139 
5350 139 
5351 139 
5352 139 
5353 139 
5354 139 
5355 139 
5356 139 
5357 139 
5358 139 
5359 139 
5360 139 
5361 139 
5362 139 
5363 139 
5364 139 
5365 139 
5366 139 
5367 139 
5368 139 
5369 139 
5370 139 
5371 139 
5372 139 
5373 139 
5374 139 
5375 139 
5376 139 
5377 139 
5378 139 
5379 139 
5380 139 
5381 139 
5382 139 
5383 139 
5384 139 
5385 139 
5386 139 
5387 139 
5388 139 
5389 139 
5390 139 
5391 139 
5392 139 
5393 139 
5394 139 
5395 139 
5396 139 
5397 139 
5398 139 
5399 139 
5400 139 
5401 139 
5402 139 
5403 139 
5404 139 
5405 139 
5406 139 
5407 139 
5408 139 
5409 139 
5410 139 
5411 139 
5412 139 
5413 139 
5414 139 
5415 139 
5416 139 
5417 139 
5418 139 
5419 139 
5420 139 
5421 139 
5422 139 
5423 139 
5424 139 
5425 139 
5426 139 
5427 139 
5428 139 
5429 139 
5430 139 
5431 139 
5432 139 
5433 139 
5434 139 
5435 139 
5436 139 
5437 139 
5438 139 
5439 139 
5440 139 
5441 139 
5442 139 
5443 139 
5444 139 
5445 139 
5446 139 
5447 139 
5448 139 
5449 139 
5450 139 
5451 139 
5452 139 
5453 139 
5454 139 
5455 139 
5456 139 
5457 139 
5458 139 
5459 139 
5460 139 
5461 139 
5462 139 
5463 139 
5464 139 
5465 139 
5466 139 
5467 139 
5468 139 
5469 139 
5470 139 
5471 139 
5472 139 
5473 139 
5474 139 
5475 139 
5476 139 
5477 139 
5478 139 
5479 139 
5480 139 
5481 139 
5482 139 
5483 139 
5484 139 
5485 139 
5486 139 
5487 139 
5488 139 
5489 139 
5490 139 
5491 139 
5492 139 
5493 139 
5494 139 
5495 139 
5496 139 
5497 139 
5498 139 
5499 139 
5500 139 
5501 139 
5502 139 
5503 139 
5504 139 
5505 139 
5506 139 
5507 139 
5508 139 
5509 139 
5510 139 
5511 139 
5512 139 
5513 139 
5514 139 
5515 139 
5516 139 
5517 139 
5518 139 
5519 139 
5520 139 
5521 139 
5522 139 
5523 139 
5524 139 
5525 139 
5526 139 
5527 139 
5528 139 
5529 139 
5530 139 
5531 139 
5532 139 
5533 139 
5534 139 
5535 139 
5536 139 
5537 139 
5538 139 
5539 139 
5540 139 
5541 139 
5542 139 
5543 139 
5544 139 
5545 139 
5546 139 
5547 139 
5548 139 
5549 139 
5550 139 
5551 139 
5552 139 
5553 139 
5554 139 
5555 139 
5556 139 
5557 139 
5558 139 
5559 139 
5560 139 
5561 139 
5562 139 
5563 139 
5564 139 
5565 139 
5566 139 
5567 139 
5568 139 
5569 139 
5570 139 
5571 139 
5572 139 
5573 139 
5574 139 
5575 139 
5576 139 
5577 139 
5578 139 
5579 139 
5580 139 
5581 139 
5582 139 
5583 139 
5584 139 
5585 139 
5586 139 
5587 139 
5588 139 
5589 139 
5590 139 
5591 139 
5592 139 
5593 139 
5594 139 
5595 139 
5596 139 
5597 139 
5598 139 
5599 139 
5600 139 
5601 139 
5602 139 
5603 139 
5604 139 
5605 139 
5606 139 
5607 139 
5608 139 
5609 139 
5610 139 
5611 139 
5612 139 
5613 139 
5614 139 
5615 139 
5616 139 
5617 139 
5618 139 
5619 139 
5620 139 
5621 139 
5622 139 
5623 139 
5624 139 
5625 139 
5626 124 
5627 124 
5628 124 
5629 124 
5630 124 
5631 124 
5632 124 
5633 124 
5634 124 
5635 124 
5636 124 
5637 124 
5638 124 
5639 124 
5640 124 
5641 124 
5642 124 
5643 124 
5644 124 
5645 124 
5646 124 
5647 124 
5648 124 
5649 124 
5650 124 
5651 124 
5652 124 
5653 124 
5654 124 
5655 124 
5656 124 
5657 124 
5658 124 
5659 124 
5660 124 
5661 124 
5662 124 
5663 124 
5664 124 
5665 124 
5666 124 
5667 124 
5668 124 
5669 124 
5670 124 
5671 124 
5672 124 
5673 124 
5674 124 
5675 124 
5676 124 
5677 124 
5678 124 
5679 124 
5680 124 
5681 124 
5682 124 
5683 124 
5684 124 
5685 124 
5686 124 
5687 124 
5688 124 
5689 124 
5690 124 
5691 124 
5692 124 
5693 124 
5694 124 
5695 124 
5696 124 
5697 124 
5698 124 
5699 124 
5700 124 
5701 124 
5702 124 
5703 124 
5704 124 
5705 124 
5706 124 
5707 124 
5708 124 
5709 124 
5710 124 
5711 124 
5712 124 
5713 124 
5714 124 
5715 124 
5716 124 
5717 124 
5718 124 
5719 124 
5720 124 
5721 124 
5722 124 
5723 124 
5724 124 
5725 124 
5726 124 
5727 124 
5728 124 
5729 124 
5730 124 
5731 124 
5732 124 
5733 124 
5734 124 
5735 124 
5736 124 
5737 124 
5738 124 
5739 124 
5740 124 
5741 124 
5742 124 
5743 124 
5744 124 
5745 124 
5746 124 
5747 124 
5748 124 
5749 124 
5750 124 
5751 71 
5752 71 
5753 71 
5754 71 
5755 71 
5756 71 
5757 71 
5758 71 
5759 71 
5760 71 
5761 71 
5762 71 
5763 71 
5764 71 
5765 71 
5766 71 
5767 71 
5768 71 
5769 71 
5770 71 
5771 71 
5772 71 
5773 71 
5774 71 
5775 71 
5776 71 
5777 71 
5778 71 
5779 71 
5780 71 
5781 71 
5782 71 
5783 71 
5784 71 
5785 71 
5786 71 
5787 71 
5788 71 
5789 71 
5790 71 
5791 71 
5792 71 
5793 71 
5794 71 
5795 71 
5796 71 
5797 71 
5798 71 
5799 71 
5800 71 
5801 71 
5802 71 
5803 71 
5804 71 
5805 71 
5806 71 
5807 71 
5808 71 
5809 71 
5810 71 
5811 71 
5812 71 
5813 71 
5814 71 
5815 71 
5816 71 
5817 71 
5818 71 
5819 71 
5820 71 
5821 71 
5822 71 
5823 71 
5824 71 
5825 71 
5826 71 
5827 71 
5828 71 
5829 71 
5830 71 
5831 71 
5832 71 
5833 71 
5834 71 
5835 71 
5836 71 
5837 71 
5838 71 
5839 71 
5840 71 
5841 71 
5842 71 
5843 71 
5844 71 
5845 71 
5846 71 
5847 71 
5848 71 
5849 71 
5850 71 
5851 71 
5852 71 
5853 71 
5854 71 
5855 71 
5856 71 
5857 71 
5858 71 
5859 71 
5860 71 
5861 71 
5862 71 
5863 71 
5864 71 
5865 71 
5866 71 
5867 71 
5868 71 
5869 71 
5870 71 
5871 71 
5872 71 
5873 71 
5874 71 
5875 71 
5876 71 
5877 71 
5878 71 
5879 71 
5880 71 
5881 71 
5882 71 
5883 71 
5884 71 
5885 71 
5886 71 
5887 71 
5888 71 
5889 71 
5890 71 
5891 71 
5892 71 
5893 71 
5894 71 
5895 71 
5896 71 
5897 71 
5898 71 
5899 71 
5900 71 
5901 71 
5902 71 
5903 71 
5904 71 
5905 71 
5906 71 
5907 71 
5908 71 
5909 71 
5910 71 
5911 71 
5912 71 
5913 71 
5914 71 
5915 71 
5916 71 
5917 71 
5918 71 
5919 71 
5920 71 
5921 71 
5922 71 
5923 71 
5924 71 
5925 71 
5926 71 
5927 71 
5928 71 
5929 71 
5930 71 
5931 71 
5932 71 
5933 71 
5934 71 
5935 71 
5936 71 
5937 71 
5938 71 
5939 71 
5940 71 
5941 71 
5942 71 
5943 71 
5944 71 
5945 71 
5946 71 
5947 71 
5948 71 
5949 71 
5950 71 
5951 71 
5952 71 
5953 71 
5954 71 
5955 71 
5956 71 
5957 71 
5958 71 
5959 71 
5960 71 
5961 71 
5962 71 
5963 71 
5964 71 
5965 71 
5966 71 
5967 71 
5968 71 
5969 71 
5970 71 
5971 71 
5972 71 
5973 71 
5974 71 
5975 71 
5976 71 
5977 71 
5978 71 
5979 71 
5980 71 
5981 71 
5982 71 
5983 71 
5984 71 
5985 71 
5986 71 
5987 71 
5988 71 
5989 71 
5990 71 
5991 71 
5992 71 
5993 71 
5994 71 
5995 71 
5996 71 
5997 71 
5998 71 
5999 71 
6000 71 
6001 71 
6002 71 
6003 71 
6004 71 
6005 71 
6006 71 
6007 71 
6008 71 
6009 71 
6010 71 
6011 71 
6012 71 
6013 71 
6014 71 
6015 71 
6016 71 
6017 71 
6018 71 
6019 71 
6020 71 
6021 71 
6022 71 
6023 71 
6024 71 
6025 71 
6026 71 
6027 71 
6028 71 
6029 71 
6030 71 
6031 71 
6032 71 
6033 71 
6034 71 
6035 71 
6036 71 
6037 71 
6038 71 
6039 71 
6040 71 
6041 71 
6042 71 
6043 71 
6044 71 
6045 71 
6046 71 
6047 71 
6048 71 
6049 71 
6050 71 
6051 71 
6052 71 
6053 71 
6054 71 
6055 71 
6056 71 
6057 71 
6058 71 
6059 71 
6060 71 
6061 71 
6062 71 
6063 71 
6064 71 
6065 71 
6066 71 
6067 71 
6068 71 
6069 71 
6070 71 
6071 71 
6072 71 
6073 71 
6074 71 
6075 71 
6076 71 
6077 71 
6078 71 
6079 71 
6080 71 
6081 71 
6082 71 
6083 71 
6084 71 
6085 71 
6086 71 
6087 71 
6088 71 
6089 71 
6090 71 
6091 71 
6092 71 
6093 71 
6094 71 
6095 71 
6096 71 
6097 71 
6098 71 
6099 71 
6100 71 
6101 71 
6102 71 
6103 71 
6104 71 
6105 71 
6106 71 
6107 71 
6108 71 
6109 71 
6110 71 
6111 124 
6112 124 
6113 124 
6114 124 
6115 124 
6116 124 
6117 124 
6118 124 
6119 124 
6120 124 
6121 124 
6122 124 
6123 124 
6124 124 
6125 124 
6126 124 
6127 124 
6128 124 
6129 124 
6130 124 
6131 124 
6132 124 
6133 124 
6134 124 
6135 124 
6136 124 
6137 124 
6138 124 
6139 124 
6140 124 
6141 124 
6142 124 
6143 124 
6144 124 
6145 124 
6146 124 
6147 124 
6148 124 
6149 124 
6150 124 
6151 124 
6152 124 
6153 124 
6154 124 
6155 124 
6156 124 
6157 124 
6158 124 
6159 124 
6160 124 
6161 124 
6162 124 
6163 124 
6164 124 
6165 124 
6166 124 
6167 124 
6168 124 
6169 124 
6170 124 
6171 124 
6172 124 
6173 124 
6174 124 
6175 124 
6176 124 
6177 124 
6178 124 
6179 124 
6180 124 
6181 124 
6182 124 
6183 124 
6184 124 
6185 124 
6186 124 
6187 124 
6188 124 
6189 124 
6190 124 
6191 124 
6192 124 
6193 124 
6194 124 
6195 124 
6196 124 
6197 124 
6198 124 
6199 124 
6200 124 
6201 124 
6202 124 
6203 124 
6204 124 
6205 124 
6206 124 
6207 124 
6208 124 
6209 124 
6210 124 
6211 124 
6212 124 
6213 124 
6214 124 
6215 124 
6216 124 
6217 124 
6218 124 
6219 124 
6220 124 
6221 124 
6222 124 
6223 124 
6224 124 
6225 124 
6226 124 
6227 124 
6228 124 
6229 124 
6230 124 
6231 124 
6232 124 
6233 124 
6234 124 
6235 124 
6236 124 
6237 124 
6238 124 
6239 124 
6240 124 
6241 124 
6242 124 
6243 124 
6244 124 
6245 124 
6246 124 
6247 124 
6248 124 
6249 124 
6250 124 
6251 124 
6252 124 
6253 124 
6254 124 
6255 124 
6256 124 
6257 124 
6258 124 
6259 124 
6260 124 
6261 124 
6262 124 
6263 124 
6264 124 
6265 124 
6266 124 
6267 124 
6268 124 
6269 124 
6270 124 
6271 124 
6272 124 
6273 124 
6274 124 
6275 124 
6276 124 
6277 124 
6278 124 
6279 124 
6280 124 
6281 124 
6282 124 
6283 124 
6284 124 
6285 124 
6286 124 
6287 124 
6288 124 
6289 124 
6290 124 
6291 124 
6292 124 
6293 124 
6294 124 
6295 124 
6296 124 
6297 124 
6298 124 
6299 124 
6300 124 
6301 124 
6302 124 
6303 124 
6304 124 
6305 124 
6306 124 
6307 124 
6308 124 
6309 124 
6310 124 
6311 124 
6312 124 
6313 124 
6314 124 
6315 124 
6316 124 
6317 124 
6318 124 
6319 124 
6320 124 
6321 124 
6322 124 
6323 124 
6324 124 
6325 124 
6326 124 
6327 124 
6328 124 
6329 124 
6330 124 
6331 124 
6332 124 
6333 124 
6334 124 
6335 124 
6336 124 
6337 124 
6338 124 
6339 124 
6340 124 
6341 124 
6342 124 
6343 124 
6344 124 
6345 124 
6346 124 
6347 124 
6348 124 
6349 124 
6350 124 
6351 124 
6352 124 
6353 124 
6354 124 
6355 124 
6356 124 
6357 124 
6358 124 
6359 124 
6360 124 
6361 71 
6362 71 
6363 71 
6364 71 
6365 71 
6366 71 
6367 71 
6368 71 
6369 71 
6370 71 
6371 71 
6372 71 
6373 71 
6374 71 
6375 71 
6376 71 
6377 71 
6378 71 
6379 71 
6380 71 
6381 71 
6382 71 
6383 71 
6384 71 
6385 71 
6386 71 
6387 71 
6388 71 
6389 71 
6390 71 
6391 71 
6392 71 
6393 71 
6394 71 
6395 71 
6396 71 
6397 71 
6398 71 
6399 71 
6400 71 
6401 71 
6402 71 
6403 71 
6404 71 
6405 71 
6406 71 
6407 71 
6408 71 
6409 71 
6410 71 
6411 71 
6412 71 
6413 71 
6414 71 
6415 71 
6416 71 
6417 71 
6418 71 
6419 71 
6420 71 
6421 71 
6422 71 
6423 71 
6424 71 
6425 71 
6426 71 
6427 71 
6428 71 
6429 71 
6430 71 
6431 71 
6432 71 
6433 71 
6434 71 
6435 71 
6436 71 
6437 71 
6438 71 
6439 71 
6440 71 
6441 71 
6442 71 
6443 71 
6444 71 
6445 71 
6446 71 
6447 71 
6448 71 
6449 71 
6450 71 
6451 71 
6452 71 
6453 71 
6454 71 
6455 71 
6456 71 
6457 71 
6458 71 
6459 71 
6460 71 
6461 71 
6462 71 
6463 71 
6464 71 
6465 71 
6466 71 
6467 71 
6468 71 
6469 71 
6470 71 
6471 71 
6472 71 
6473 71 
6474 71 
6475 71 
6476 71 
6477 71 
6478 71 
6479 71 
6480 71 
6481 71 
6482 71 
6483 71 
6484 71 
6485 71 
6486 71 
6487 71 
6488 71 
6489 71 
6490 71 
6491 71 
6492 71 
6493 71 
6494 71 
6495 71 
6496 71 
6497 71 
6498 71 
6499 71 
6500 71 
6501 71 
6502 71 
6503 71 
6504 71 
6505 71 
6506 71 
6507 71 
6508 71 
6509 71 
6510 71 
6511 71 
6512 71 
6513 71 
6514 71 
6515 71 
6516 71 
6517 71 
6518 71 
6519 71 
6520 71 
6521 71 
6522 71 
6523 71 
6524 71 
6525 71 
6526 71 
6527 71 
6528 71 
6529 71 
6530 71 
6531 71 
6532 71 
6533 71 
6534 71 
6535 71 
6536 71 
6537 71 
6538 71 
6539 71 
6540 71 
6541 71 
6542 71 
6543 71 
6544 71 
6545 71 
6546 71 
6547 71 
6548 71 
6549 71 
6550 71 
6551 71 
6552 71 
6553 71 
6554 71 
6555 71 
6556 71 
6557 71 
6558 71 
6559 71 
6560 71 
6561 71 
6562 71 
6563 71 
6564 71 
6565 71 
6566 71 
6567 71 
6568 71 
6569 71 
6570 71 
6571 71 
6572 71 
6573 71 
6574 71 
6575 71 
6576 71 
6577 71 
6578 71 
6579 71 
6580 71 
6581 71 
6582 71 
6583 71 
6584 71 
6585 71 
6586 71 
6587 71 
6588 71 
6589 71 
6590 71 
6591 71 
6592 71 
6593 71 
6594 71 
6595 71 
6596 71 
6597 71 
6598 71 
6599 71 
6600 71 
6601 71 
6602 71 
6603 71 
6604 71 
6605 71 
6606 71 
6607 71 
6608 71 
6609 71 
6610 71 
6611 71 
6612 71 
6613 71 
6614 71 
6615 71 
6616 71 
6617 71 
6618 71 
6619 71 
6620 71 
6621 71 
6622 71 
6623 71 
6624 71 
6625 71 
6626 71 
6627 71 
6628 71 
6629 71 
6630 71 
6631 71 
6632 71 
6633 71 
6634 71 
6635 71 
6636 71 
6637 71 
6638 71 
6639 71 
6640 71 
6641 71 
6642 71 
6643 71 
6644 71 
6645 71 
6646 71 
6647 71 
6648 71 
6649 124 
6650 124 
6651 124 
6652 124 
6653 124 
6654 124 
6655 124 
6656 124 
6657 124 
6658 124 
6659 124 
6660 124 
6661 124 
6662 124 
6663 124 
6664 124 
6665 124 
6666 124 
6667 124 
6668 124 
6669 124 
6670 124 
6671 124 
6672 124 
6673 124 
6674 124 
6675 124 
6676 124 
6677 124 
6678 124 
6679 124 
6680 124 
6681 124 
6682 124 
6683 124 
6684 124 
6685 124 
6686 124 
6687 124 
6688 124 
6689 124 
6690 124 
6691 124 
6692 124 
6693 124 
6694 124 
6695 124 
6696 124 
6697 124 
6698 124 
6699 124 
6700 124 
6701 124 
6702 124 
6703 124 
6704 124 
6705 124 
6706 124 
6707 124 
6708 124 
6709 124 
6710 124 
6711 124 
6712 124 
6713 124 
6714 124 
6715 124 
6716 124 
6717 124 
6718 124 
6719 124 
6720 124 
6721 124 
6722 124 
6723 124 
6724 124 
6725 124 
6726 124 
6727 124 
6728 124 
6729 124 
6730 124 
6731 124 
6732 124 
6733 124 
6734 124 
6735 124 
6736 124 
6737 124 
6738 124 
6739 124 
6740 124 
6741 124 
6742 124 
6743 124 
6744 124 
6745 124 
6746 124 
6747 124 
6748 124 
6749 124 
6750 124 
6751 124 
6752 124 
6753 124 
6754 124 
6755 124 
6756 124 
6757 124 
6758 124 
6759 124 
6760 124 
6761 124 
6762 124 
6763 124 
6764 124 
6765 124 
6766 124 
6767 124 
6768 124 
6769 124 
6770 124 
6771 124 
6772 124 
6773 124 
6774 124 
6775 124 
6776 124 
6777 124 
6778 124 
6779 124 
6780 124 
6781 124 
6782 124 
6783 124 
6784 124 
6785 124 
6786 124 
6787 124 
6788 124 
6789 124 
6790 124 
6791 124 
6792 124 
6793 124 
6794 124 
6795 124 
6796 124 
6797 124 
6798 124 
6799 124 
6800 124 
6801 124 
6802 124 
6803 124 
6804 124 
6805 124 
6806 124 
6807 124 
6808 124 
6809 124 
6810 124 
6811 124 
6812 124 
6813 124 
6814 124 
6815 124 
6816 124 
6817 124 
6818 124 
6819 124 
6820 124 
6821 124 
6822 124 
6823 124 
6824 124 
6825 124 
6826 124 
6827 124 
6828 124 
6829 124 
6830 124 
6831 124 
6832 124 
6833 124 
6834 124 
6835 124 
6836 124 
6837 124 
6838 124 
6839 124 
6840 124 
6841 124 
6842 124 
6843 124 
6844 124 
6845 124 
6846 124 
6847 124 
6848 124 
6849 124 
6850 124 
6851 124 
6852 124 
6853 124 
6854 124 
6855 124 
6856 124 
6857 124 
6858 124 
6859 124 
6860 124 
6861 124 
6862 124 
6863 124 
6864 124 
6865 124 
6866 124 
6867 124 
6868 124 
6869 124 
6870 124 
6871 124 
6872 124 
6873 124 
6874 124 
6875 124 
6876 124 
6877 124 
6878 124 
6879 124 
6880 124 
6881 124 
6882 124 
6883 124 
6884 124 
6885 124 
6886 124 
6887 124 
6888 124 
6889 124 
6890 124 
6891 124 
6892 124 
6893 124 
6894 124 
6895 124 
6896 124 
6897 124 
6898 124 
6899 71 
6900 71 
6901 71 
6902 71 
6903 71 
6904 71 
6905 71 
6906 71 
6907 71 
6908 71 
6909 71 
6910 71 
6911 71 
6912 71 
6913 71 
6914 71 
6915 71 
6916 71 
6917 71 
6918 71 
6919 71 
6920 71 
6921 71 
6922 71 
6923 71 
6924 71 
6925 71 
6926 71 
6927 71 
6928 71 
6929 71 
6930 71 
6931 71 
6932 71 
6933 71 
6934 71 
6935 71 
6936 71 
6937 71 
6938 71 
6939 71 
6940 71 
6941 71 
6942 71 
6943 71 
6944 71 
6945 71 
6946 71 
6947 71 
6948 71 
6949 71 
6950 71 
6951 71 
6952 71 
6953 71 
6954 71 
6955 71 
6956 71 
6957 71 
6958 71 
6959 71 
6960 71 
6961 71 
6962 71 
6963 71 
6964 71 
6965 71 
6966 71 
6967 71 
6968 71 
6969 71 
6970 71 
6971 124 
6972 124 
6973 124 
6974 124 
6975 124 
6976 124 
6977 124 
6978 124 
6979 124 
6980 124 
6981 124 
6982 124 
6983 124 
6984 124 
6985 124 
6986 124 
6987 124 
6988 124 
6989 124 
6990 124 
6991 124 
6992 124 
6993 124 
6994 124 
6995 124 
6996 124 
6997 124 
6998 124 
6999 124 
7000 124 
7001 124 
7002 124 
7003 124 
7004 124 
7005 124 
7006 124 
7007 124 
7008 124 
7009 124 
7010 124 
7011 124 
7012 124 
7013 124 
7014 124 
7015 124 
7016 124 
7017 124 
7018 124 
7019 124 
7020 124 
7021 124 
7022 124 
7023 124 
7024 124 
7025 124 
7026 124 
7027 124 
7028 124 
7029 124 
7030 124 
7031 124 
7032 124 
7033 124 
7034 124 
7035 124 
7036 124 
7037 124 
7038 124 
7039 124 
7040 124 
7041 124 
7042 124 
7043 124 
7044 124 
7045 124 
7046 124 
7047 124 
7048 124 
7049 124 
7050 124 
7051 124 
7052 124 
7053 124 
7054 124 
7055 124 
7056 124 
7057 124 
7058 124 
7059 124 
7060 124 
7061 124 
7062 124 
7063 124 
7064 124 
7065 124 
7066 124 
7067 124 
7068 124 
7069 124 
7070 124 
7071 124 
7072 124 
7073 124 
7074 124 
7075 124 
7076 124 
7077 124 
7078 124 
7079 124 
7080 124 
7081 124 
7082 124 
7083 124 
7084 124 
7085 124 
7086 124 
7087 124 
7088 124 
7089 124 
7090 124 
7091 124 
7092 124 
7093 124 
7094 124 
7095 124 
7096 49 
7097 49 
7098 49 
7099 49 
7100 49 
7101 49 
7102 49 
7103 49 
7104 49 
7105 49 
7106 49 
7107 49 
7108 49 
7109 49 
7110 49 
7111 49 
7112 49 
7113 49 
7114 49 
7115 49 
7116 49 
7117 49 
7118 49 
7119 49 
7120 49 
7121 49 
7122 49 
7123 49 
7124 49 
7125 49 
7126 49 
7127 49 
7128 49 
7129 49 
7130 49 
7131 49 
7132 49 
7133 49 
7134 49 
7135 49 
7136 49 
7137 49 
7138 49 
7139 49 
7140 49 
7141 49 
7142 49 
7143 49 
7144 49 
7145 49 
7146 19 
7147 19 
7148 19 
7149 19 
7150 19 
7151 19 
7152 19 
7153 19 
7154 19 
7155 19 
7156 19 
7157 19 
7158 19 
7159 19 
7160 19 
7161 19 
7162 19 
7163 19 
7164 19 
7165 19 
7166 19 
7167 19 
7168 19 
7169 19 
7170 19 
7171 19 
7172 19 
7173 19 
7174 19 
7175 19 
7176 19 
7177 19 
7178 19 
7179 19 
7180 19 
7181 19 
7182 19 
7183 19 
7184 19 
7185 19 
7186 44 
7187 44 
7188 44 
7189 44 
7190 44 
7191 44 
7192 44 
7193 44 
7194 44 
7195 44 
7196 44 
7197 44 
7198 44 
7199 44 
7200 44 
7201 44 
7202 44 
7203 44 
7204 44 
7205 44 
7206 44 
7207 44 
7208 44 
7209 44 
7210 44 
7211 44 
7212 44 
7213 44 
7214 44 
7215 44 
7216 44 
7217 44 
7218 44 
7219 44 
7220 44 
7221 44 
7222 44 
7223 44 
7224 44 
7225 44 
7226 44 
7227 44 
7228 44 
7229 44 
7230 44 
7231 44 
7232 44 
7233 44 
7234 44 
7235 44 
7236 44 
7237 44 
7238 44 
7239 44 
7240 44 
7241 44 
7242 44 
7243 44 
7244 44 
7245 44 
7246 44 
7247 44 
7248 44 
7249 44 
7250 44 
7251 44 
7252 44 
7253 44 
7254 44 
7255 44 
7256 44 
7257 44 
7258 44 
7259 44 
7260 44 
7261 44 
7262 44 
7263 44 
7264 44 
7265 44 
7266 44 
7267 44 
7268 44 
7269 44 
7270 44 
7271 44 
7272 44 
7273 44 
7274 44 
7275 44 
7276 44 
7277 44 
7278 44 
7279 44 
7280 44 
7281 44 
7282 44 
7283 44 
7284 44 
7285 44 
7286 44 
7287 44 
7288 44 
7289 44 
7290 44 
7291 44 
7292 44 
7293 44 
7294 44 
7295 44 
7296 44 
7297 44 
7298 44 
7299 44 
7300 44 
7301 44 
7302 44 
7303 44 
7304 44 
7305 44 
7306 44 
7307 44 
7308 44 
7309 44 
7310 44 
7311 44 
7312 44 
7313 44 
7314 44 
7315 44 
7316 44 
7317 44 
7318 44 
7319 44 
7320 44 
7321 44 
7322 44 
7323 44 
7324 44 
7325 44 
7326 44 
7327 44 
7328 44 
7329 44 
7330 44 
7331 44 
7332 44 
7333 44 
7334 44 
7335 44 
7336 44 
7337 44 
7338 44 
7339 44 
7340 44 
7341 44 
7342 44 
7343 44 
7344 44 
7345 44 
7346 44 
7347 44 
7348 44 
7349 44 
7350 44 
7351 44 
7352 44 
7353 44 
7354 44 
7355 44 
7356 44 
7357 44 
7358 44 
7359 44 
7360 44 
7361 44 
7362 44 
7363 44 
7364 44 
7365 44 
7366 44 
7367 44 
7368 44 
7369 44 
7370 44 
7371 44 
7372 44 
7373 44 
7374 44 
7375 44 
7376 44 
7377 44 
7378 44 
7379 44 
7380 44 
7381 44 
7382 44 
7383 44 
7384 44 
7385 44 
7386 44 
7387 44 
7388 44 
7389 44 
7390 44 
7391 44 
7392 44 
7393 44 
7394 44 
7395 44 
7396 44 
7397 44 
7398 44 
7399 44 
7400 44 
7401 44 
7402 44 
7403 44 
7404 44 
7405 44 
7406 44 
7407 44 
7408 44 
7409 44 
7410 44 
7411 44 
7412 44 
7413 44 
7414 44 
7415 44 
7416 44 
7417 44 
7418 44 
7419 44 
7420 44 
7421 44 
7422 44 
7423 44 
7424 44 
7425 44 
7426 44 
7427 44 
7428 44 
7429 44 
7430 44 
7431 44 
7432 44 
7433 44 
7434 44 
7435 44 
7436 44 
7437 44 
7438 44 
7439 44 
7440 44 
7441 44 
7442 44 
7443 44 
7444 44 
7445 44 
7446 44 
7447 44 
7448 44 
7449 44 
7450 44 
7451 44 
7452 44 
7453 44 
7454 44 
7455 44 
7456 59 
7457 59 
7458 59 
7459 59 
7460 59 
7461 59 
7462 59 
7463 59 
7464 59 
7465 59 
7466 59 
7467 59 
7468 59 
7469 59 
7470 59 
7471 59 
7472 59 
7473 59 
7474 59 
7475 59 
7476 59 
7477 59 
7478 59 
7479 59 
7480 59 
7481 59 
7482 59 
7483 59 
7484 59 
7485 59 
7486 59 
7487 59 
7488 59 
7489 59 
7490 59 
7491 59 
7492 59 
7493 59 
7494 59 
7495 59 
7496 59 
7497 59 
7498 59 
7499 59 
7500 59 
7501 59 
7502 59 
7503 59 
7504 59 
7505 59 
7506 59 
7507 59 
7508 59 
7509 59 
7510 59 
7511 59 
7512 59 
7513 59 
7514 59 
7515 59 
7516 44 
7517 44 
7518 44 
7519 44 
7520 44 
7521 44 
7522 44 
7523 44 
7524 44 
7525 44 
7526 44 
7527 44 
7528 44 
7529 44 
7530 44 
7531 44 
7532 44 
7533 44 
7534 44 
7535 44 
7536 44 
7537 44 
7538 44 
7539 44 
7540 44 
7541 44 
7542 44 
7543 44 
7544 44 
7545 44 
7546 44 
7547 44 
7548 44 
7549 44 
7550 44 
7551 44 
7552 44 
7553 44 
7554 44 
7555 44 
7556 44 
7557 44 
7558 44 
7559 44 
7560 44 
7561 4 
7562 4 
7563 4 
7564 4 
7565 4 
7566 29 
7567 29 
7568 29 
7569 29 
7570 29 
7571 29 
7572 29 
7573 29 
7574 29 
7575 29 
7576 29 
7577 29 
7578 29 
7579 29 
7580 29 
7581 29 
7582 29 
7583 29 
7584 29 
7585 29 
7586 29 
7587 29 
7588 29 
7589 29 
7590 29 
7591 29 
7592 29 
7593 29 
7594 29 
7595 29 
7596 29 
7597 29 
7598 29 
7599 29 
7600 29 
7601 29 
7602 29 
7603 29 
7604 29 
7605 29 
7606 29 
7607 29 
7608 29 
7609 29 
7610 29 
7611 29 
7612 29 
7613 29 
7614 29 
7615 29 
7616 29 
7617 29 
7618 29 
7619 29 
7620 29 
7621 29 
7622 29 
7623 29 
7624 29 
7625 29 
7626 12 
7627 12 
7628 12 
7629 12 
7630 12 
7631 12 
7632 12 
7633 12 
7634 12 
7635 12 
7636 12 
7637 12 
7638 12 
7639 12 
7640 12 
7641 12 
7642 12 
7643 12 
7644 12 
7645 12 
7646 12 
7647 12 
7648 12 
7649 12 
7650 12 
7651 12 
7652 12 
7653 12 
7654 12 
7655 12 
7656 12 
7657 12 
7658 12 
7659 12 
7660 12 
7661 12 
7662 12 
7663 12 
7664 12 
7665 12 
7666 12 
7667 12 
7668 12 
7669 12 
7670 12 
7671 12 
7672 12 
7673 12 
7674 12 
7675 12 
7676 12 
7677 12 
7678 12 
7679 12 
7680 12 
7681 12 
7682 12 
7683 12 
7684 12 
7685 12 
7686 12 
7687 12 
7688 12 
7689 12 
7690 12 
7691 12 
7692 12 
7693 12 
7694 12 
7695 12 
7696 12 
7697 12 
7698 12 
7699 12 
7700 12 
7701 12 
7702 12 
7703 12 
7704 12 
7705 12 
7706 12 
7707 12 
7708 12 
7709 12 
7710 12 
7711 12 
7712 12 
7713 12 
7714 12 
7715 12 
7716 12 
7717 12 
7718 12 
7719 12 
7720 12 
7721 12 
7722 12 
7723 12 
7724 12 
7725 12 
7726 12 
7727 12 
7728 12 
7729 12 
7730 12 
7731 12 
7732 12 
7733 12 
7734 12 
7735 12 
7736 12 
7737 12 
7738 12 
7739 12 
7740 12 
7741 12 
7742 12 
7743 12 
7744 12 
7745 12 
7746 12 
7747 12 
7748 12 
7749 12 
7750 12 
7751 12 
7752 12 
7753 12 
7754 12 
7755 12 
7756 12 
7757 12 
7758 12 
7759 12 
7760 12 
7761 12 
7762 12 
7763 12 
7764 12 
7765 12 
7766 12 
7767 12 
7768 12 
7769 12 
7770 12 
7771 12 
7772 12 
7773 12 
7774 12 
7775 12 
7776 12 
7777 12 
7778 12 
7779 12 
7780 12 
7781 12 
7782 12 
7783 12 
7784 12 
7785 12 
7786 12 
7787 12 
7788 12 
7789 12 
7790 12 
7791 12 
7792 12 
7793 12 
7794 12 
7795 12 
7796 12 
7797 12 
7798 12 
7799 12 
7800 12 
7801 12 
7802 12 
7803 12 
7804 12 
7805 12 
7806 12 
7807 12 
7808 12 
7809 12 
7810 12 
7811 12 
7812 12 
7813 12 
7814 12 
7815 12 
7816 12 
7817 12 
7818 12 
7819 12 
7820 12 
7821 12 
7822 12 
7823 12 
7824 12 
7825 12 
7826 12 
7827 12 
7828 12 
7829 12 
7830 12 
7831 12 
7832 12 
7833 12 
7834 12 
7835 12 
7836 12 
7837 12 
7838 12 
7839 12 
7840 12 
7841 12 
7842 12 
7843 12 
7844 12 
7845 12 
7846 12 
7847 12 
7848 12 
7849 12 
7850 12 
7851 12 
7852 12 
7853 12 
7854 12 
7855 12 
7856 12 
7857 12 
7858 12 
7859 12 
7860 12 
7861 12 
7862 12 
7863 12 
7864 12 
7865 12 
7866 12 
7867 12 
7868 12 
7869 12 
7870 12 
7871 12 
7872 12 
7873 12 
7874 12 
7875 12 
7876 12 
7877 12 
7878 12 
7879 12 
7880 12 
7881 12 
7882 12 
7883 12 
7884 12 
7885 12 
7886 12 
7887 12 
7888 12 
7889 12 
7890 12 
7891 12 
7892 12 
7893 12 
7894 12 
7895 12 
7896 12 
7897 12 
7898 12 
7899 12 
7900 12 
7901 12 
7902 12 
7903 12 
7904 12 
7905 12 
7906 12 
7907 12 
7908 12 
7909 12 
7910 12 
7911 12 
7912 12 
7913 12 
7914 12 
7915 12 
7916 12 
7917 12 
7918 12 
7919 12 
7920 12 
7921 12 
7922 12 
7923 12 
7924 12 
7925 12 
7926 12 
7927 12 
7928 12 
7929 12 
7930 12 
7931 12 
7932 12 
7933 12 
7934 12 
7935 12 
7936 12 
7937 12 
7938 12 
7939 12 
7940 12 
7941 12 
7942 12 
7943 12 
7944 12 
7945 12 
7946 12 
7947 12 
7948 12 
7949 12 
7950 12 
7951 12 
7952 12 
7953 12 
7954 12 
7955 12 
7956 12 
7957 12 
7958 12 
7959 12 
7960 12 
7961 12 
7962 12 
7963 12 
7964 12 
7965 12 
7966 12 
7967 12 
7968 12 
7969 12 
7970 12 
7971 12 
7972 12 
7973 12 
7974 12 
7975 12 
7976 12 
7977 12 
7978 12 
7979 12 
7980 12 
7981 12 
7982 12 
7983 12 
7984 12 
7985 12 
7986 12 
7987 12 
7988 12 
7989 12 
7990 12 
7991 12 
7992 12 
7993 12 
7994 12 
7995 12 
7996 12 
7997 12 
7998 12 
7999 12 
8000 12 
8001 12 
8002 12 
8003 12 
8004 12 
8005 12 
8006 12 
8007 12 
8008 12 
8009 12 
8010 12 
8011 12 
8012 12 
8013 12 
8014 12 
8015 12 
8016 12 
8017 12 
8018 12 
8019 12 
8020 12 
8021 12 
8022 12 
8023 12 
8024 12 
8025 12 
8026 12 
8027 12 
8028 12 
8029 12 
8030 12 
8031 12 
8032 12 
8033 12 
8034 12 
8035 12 
8036 12 
8037 12 
8038 12 
8039 12 
8040 12 
8041 12 
8042 12 
8043 12 
8044 12 
8045 12 
8046 12 
8047 12 
8048 12 
8049 12 
8050 12 
8051 12 
8052 12 
8053 12 
8054 12 
8055 12 
8056 12 
8057 12 
8058 12 
8059 12 
8060 12 
8061 12 
8062 12 
8063 12 
8064 12 
8065 12 
8066 12 
8067 12 
8068 12 
8069 12 
8070 12 
8071 12 
8072 12 
8073 12 
8074 12 
8075 12 
8076 12 
8077 12 
8078 12 
8079 12 
8080 12 
8081 12 
8082 12 
8083 12 
8084 12 
8085 12 
8086 12 
8087 12 
8088 12 
8089 12 
8090 12 
8091 12 
8092 12 
8093 12 
8094 12 
8095 12 
8096 12 
8097 12 
8098 12 
8099 12 
8100 12 
8101 12 
8102 12 
8103 12 
8104 12 
8105 12 
8106 12 
8107 12 
8108 12 
8109 12 
8110 12 
8111 12 
8112 12 
8113 12 
8114 12 
8115 12 
8116 12 
8117 12 
8118 12 
8119 12 
8120 12 
8121 12 
8122 12 
8123 12 
8124 12 
8125 12 
8126 12 
8127 12 
8128 12 
8129 12 
8130 12 
8131 12 
8132 12 
8133 12 
8134 12 
8135 12 
8136 12 
8137 12 
8138 12 
8139 12 
8140 12 
8141 12 
8142 12 
8143 12 
8144 12 
8145 12 
8146 12 
8147 12 
8148 12 
8149 12 
8150 12 
8151 12 
8152 12 
8153 12 
8154 12 
8155 12 
8156 12 
8157 12 
8158 12 
8159 12 
8160 12 
8161 12 
8162 12 
8163 12 
8164 12 
8165 12 
8166 12 
8167 12 
8168 12 
8169 12 
8170 12 
8171 12 
8172 12 
8173 12 
8174 12 
8175 12 
8176 12 
8177 12 
8178 12 
8179 12 
8180 12 
8181 12 
8182 12 
8183 12 
8184 12 
8185 12 
8186 12 
8187 12 
8188 12 
8189 12 
8190 12 
8191 12 
8192 12 
8193 12 
8194 12 
8195 12 
8196 12 
8197 12 
8198 12 
8199 12 
8200 12 
8201 12 
8202 12 
8203 12 
8204 12 
8205 12 
8206 12 
8207 12 
8208 12 
8209 12 
8210 12 
8211 12 
8212 12 
8213 12 
8214 12 
8215 12 
8216 12 
8217 12 
8218 12 
8219 12 
8220 12 
8221 12 
8222 12 
8223 12 
8224 12 
8225 12 
8226 12 
8227 12 
8228 12 
8229 12 
8230 12 
8231 12 
8232 12 
8233 12 
8234 12 
8235 12 
8236 12 
8237 12 
8238 12 
8239 12 
8240 12 
8241 12 
8242 12 
8243 12 
8244 12 
8245 12 
8246 12 
8247 12 
8248 12 
8249 12 
8250 12 
8251 12 
8252 12 
8253 12 
8254 12 
8255 12 
8256 12 
8257 12 
8258 12 
8259 12 
8260 12 
8261 12 
8262 12 
8263 12 
8264 12 
8265 12 
8266 12 
8267 12 
8268 12 
8269 12 
8270 12 
8271 12 
8272 12 
8273 12 
8274 12 
8275 12 
8276 12 
8277 12 
8278 12 
8279 12 
8280 12 
8281 12 
8282 12 
8283 12 
8284 12 
8285 12 
8286 12 
8287 12 
8288 12 
8289 12 
8290 12 
8291 12 
8292 12 
8293 12 
8294 12 
8295 12 
8296 12 
8297 12 
8298 12 
8299 12 
8300 12 
8301 12 
8302 12 
8303 12 
8304 12 
8305 12 
8306 12 
8307 12 
8308 12 
8309 12 
8310 12 
8311 12 
8312 12 
8313 12 
8314 12 
8315 12 
8316 12 
8317 12 
8318 12 
8319 12 
8320 12 
8321 12 
8322 12 
8323 12 
8324 12 
8325 12 
8326 12 
8327 12 
8328 12 
8329 12 
8330 12 
8331 12 
8332 12 
8333 12 
8334 12 
8335 12 
8336 12 
8337 12 
8338 12 
8339 12 
8340 12 
8341 12 
8342 12 
8343 12 
8344 12 
8345 12 
8346 12 
8347 12 
8348 12 
8349 12 
8350 12 
8351 12 
8352 12 
8353 12 
8354 12 
8355 12 
8356 12 
8357 12 
8358 12 
8359 12 
8360 12 
8361 12 
8362 12 
8363 12 
8364 12 
8365 12 
8366 12 
8367 12 
8368 12 
8369 12 
8370 12 
8371 12 
8372 12 
8373 12 
8374 12 
8375 12 
8376 12 
8377 12 
8378 12 
8379 12 
8380 12 
8381 12 
8382 12 
8383 12 
8384 12 
8385 12 
8386 12 
8387 12 
8388 12 
8389 12 
8390 12 
8391 12 
8392 12 
8393 12 
8394 12 
8395 12 
8396 12 
8397 12 
8398 12 
8399 12 
8400 12 
8401 12 
8402 12 
8403 12 
8404 12 
8405 12 
8406 12 
8407 12 
8408 12 
8409 12 
8410 12 
8411 12 
8412 12 
8413 12 
8414 12 
8415 12 
8416 12 
8417 12 
8418 12 
8419 12 
8420 12 
8421 12 
8422 12 
8423 12 
8424 12 
8425 12 
8426 12 
8427 12 
8428 12 
8429 12 
8430 12 
8431 12 
8432 12 
8433 12 
8434 12 
8435 12 
8436 12 
8437 12 
8438 12 
8439 12 
8440 12 
8441 12 
8442 12 
8443 12 
8444 12 
8445 12 
8446 12 
8447 12 
8448 12 
8449 12 
8450 12 
8451 12 
8452 12 
8453 12 
8454 12 
8455 12 
8456 12 
8457 12 
8458 12 
8459 12 
8460 12 
8461 12 
8462 12 
8463 12 
8464 12 
8465 12 
8466 12 
8467 12 
8468 12 
8469 12 
8470 12 
8471 12 
8472 12 
8473 12 
8474 12 
8475 12 
8476 12 
8477 12 
8478 12 
8479 12 
8480 12 
8481 12 
8482 12 
8483 12 
8484 12 
8485 12 
8486 12 
8487 12 
8488 12 
8489 12 
8490 12 
8491 12 
8492 12 
8493 12 
8494 12 
8495 12 
8496 12 
8497 12 
8498 12 
8499 12 
8500 12 
8501 12 
8502 12 
8503 12 
8504 12 
8505 12 
8506 12 
8507 12 
8508 12 
8509 12 
8510 12 
8511 12 
8512 12 
8513 12 
8514 12 
8515 12 
8516 12 
8517 12 
8518 12 
8519 12 
8520 12 
8521 12 
8522 12 
8523 12 
8524 12 
8525 12 
8526 12 
8527 12 
8528 12 
8529 12 
8530 12 
8531 12 
8532 12 
8533 12 
8534 12 
8535 12 
8536 12 
8537 12 
8538 12 
8539 12 
8540 12 
8541 12 
8542 12 
8543 12 
8544 12 
8545 12 
8546 12 
8547 12 
8548 12 
8549 12 
8550 12 
8551 12 
8552 12 
8553 12 
8554 12 
8555 12 
8556 12 
8557 12 
8558 12 
8559 12 
8560 12 
8561 12 
8562 12 
8563 12 
8564 12 
8565 12 
8566 12 
8567 12 
8568 12 
8569 12 
8570 12 
8571 12 
8572 12 
8573 12 
8574 12 
8575 12 
8576 12 
8577 12 
8578 12 
8579 12 
8580 12 
8581 12 
8582 12 
8583 12 
8584 12 
8585 12 
8586 12 
8587 12 
8588 12 
8589 12 
8590 12 
8591 12 
8592 12 
8593 12 
8594 12 
8595 12 
8596 12 
8597 12 
8598 12 
8599 12 
8600 12 
8601 12 
8602 12 
8603 12 
8604 12 
8605 12 
8606 12 
8607 12 
8608 12 
8609 12 
8610 12 
8611 12 
8612 12 
8613 12 
8614 12 
8615 12 
8616 12 
8617 12 
8618 12 
8619 12 
8620 12 
8621 12 
8622 12 
8623 12 
8624 12 
8625 12 
8626 12 
8627 12 
8628 12 
8629 12 
8630 12 
8631 12 
8632 12 
8633 12 
8634 12 
8635 12 
8636 12 
8637 12 
8638 12 
8639 12 
8640 12 
8641 12 
8642 12 
8643 12 
8644 12 
8645 12 
8646 12 
8647 12 
8648 12 
8649 12 
8650 12 
8651 12 
8652 12 
8653 12 
8654 12 
8655 12 
8656 12 
8657 12 
8658 12 
8659 12 
8660 12 
8661 12 
8662 12 
8663 12 
8664 12 
8665 12 
8666 12 
8667 12 
8668 12 
8669 12 
8670 12 
8671 12 
8672 12 
8673 12 
8674 12 
8675 12 
8676 12 
8677 12 
8678 12 
8679 12 
8680 12 
8681 12 
8682 12 
8683 12 
8684 12 
8685 12 
8686 12 
8687 12 
8688 12 
8689 12 
8690 12 
8691 12 
8692 12 
8693 12 
8694 12 
8695 12 
8696 12 
8697 12 
8698 12 
8699 12 
8700 12 
8701 12 
8702 12 
8703 12 
8704 12 
8705 12 
8706 12 
8707 12 
8708 12 
8709 12 
8710 12 
8711 12 
8712 12 
8713 12 
8714 12 
8715 12 
8716 12 
8717 12 
8718 12 
8719 12 
8720 12 
8721 12 
8722 12 
8723 12 
8724 12 
8725 12 
8726 12 
8727 12 
8728 12 
8729 12 
8730 12 
8731 12 
8732 12 
8733 12 
8734 12 
8735 12 
8736 12 
8737 12 
8738 12 
8739 12 
8740 12 
8741 12 
8742 12 
8743 12 
8744 12 
8745 12 
8746 12 
8747 12 
8748 12 
8749 12 
8750 12 
8751 12 
8752 12 
8753 12 
8754 12 
8755 12 
8756 12 
8757 12 
8758 12 
8759 12 
8760 12 
8761 12 
8762 12 
8763 12 
8764 12 
8765 12 
8766 12 
8767 12 
8768 12 
8769 12 
8770 12 
8771 12 
8772 12 
8773 12 
8774 12 
8775 12 
8776 12 
8777 12 
8778 12 
8779 12 
8780 12 
8781 12 
8782 12 
8783 12 
8784 12 
8785 12 
8786 12 
8787 12 
8788 12 
8789 12 
8790 12 
8791 12 
8792 12 
8793 12 
8794 12 
8795 12 
8796 12 
8797 12 
8798 12 
8799 12 
8800 12 
8801 12 
8802 12 
8803 12 
8804 12 
8805 12 
8806 12 
8807 12 
8808 12 
8809 12 
8810 12 
8811 12 
8812 12 
8813 12 
8814 12 
8815 12 
8816 12 
8817 12 
8818 12 
8819 12 
8820 12 
8821 12 
8822 12 
8823 12 
8824 12 
8825 12 
8826 12 
8827 12 
8828 12 
8829 12 
8830 12 
8831 12 
8832 12 
8833 12 
8834 12 
8835 12 
8836 12 
8837 12 
8838 12 
8839 12 
8840 12 
8841 12 
8842 12 
8843 12 
8844 12 
8845 12 
8846 12 
8847 12 
8848 12 
8849 12 
8850 12 
8851 12 
8852 12 
8853 12 
8854 12 
8855 12 
8856 12 
8857 12 
8858 12 
8859 12 
8860 12 
8861 12 
8862 12 
8863 12 
8864 12 
8865 12 
8866 12 
8867 12 
8868 12 
8869 12 
8870 12 
8871 12 
8872 12 
8873 12 
8874 12 
8875 12 
8876 12 
8877 12 
8878 12 
8879 12 
8880 12 
8881 12 
8882 12 
8883 12 
8884 12 
8885 12 
8886 12 
8887 12 
8888 12 
8889 12 
8890 12 
8891 12 
8892 12 
8893 12 
8894 12 
8895 12 
8896 12 
8897 12 
8898 12 
8899 12 
8900 12 
8901 12 
8902 12 
8903 12 
8904 12 
8905 12 
8906 12 
8907 12 
8908 12 
8909 12 
8910 12 
8911 12 
8912 12 
8913 12 
8914 12 
8915 12 
8916 12 
8917 12 
8918 12 
8919 12 
8920 12 
8921 12 
8922 12 
8923 12 
8924 12 
8925 12 
8926 12 
8927 12 
8928 12 
8929 12 
8930 12 
8931 12 
8932 12 
8933 12 
8934 12 
8935 12 
8936 12 
8937 12 
8938 12 
8939 12 
8940 12 
8941 12 
8942 12 
8943 12 
8944 12 
8945 12 
8946 12 
8947 12 
8948 12 
8949 12 
8950 12 
8951 12 
8952 12 
8953 12 
8954 12 
8955 12 
8956 12 
8957 12 
8958 12 
8959 12 
8960 12 
8961 12 
8962 12 
8963 12 
8964 12 
8965 12 
8966 12 
8967 12 
8968 12 
8969 12 
8970 12 
8971 12 
8972 12 
8973 12 
8974 12 
8975 12 
8976 12 
8977 12 
8978 12 
8979 12 
8980 12 
8981 12 
8982 12 
8983 12 
8984 12 
8985 12 
8986 12 
8987 12 
8988 12 
8989 12 
8990 12 
8991 12 
8992 12 
8993 12 
8994 12 
8995 12 
8996 12 
8997 12 
8998 12 
8999 12 
9000 12 
9001 12 
9002 12 
9003 12 
9004 12 
9005 12 
9006 12 
9007 12 
9008 12 
9009 12 
9010 12 
9011 12 
9012 12 
9013 12 
9014 12 
9015 12 
9016 12 
9017 12 
9018 12 
9019 12 
9020 12 
9021 12 
9022 12 
9023 12 
9024 12 
9025 12 
9026 12 
9027 12 
9028 12 
9029 12 
9030 12 
9031 12 
9032 12 
9033 12 
9034 12 
9035 12 
9036 12 
9037 12 
9038 12 
9039 12 
9040 12 
9041 12 
9042 12 
9043 12 
9044 12 
9045 12 
9046 12 
9047 12 
9048 12 
9049 12 
9050 12 
9051 12 
9052 12 
9053 12 
9054 12 
9055 12 
9056 12 
9057 12 
9058 12 
9059 12 
9060 12 
9061 12 
9062 12 
9063 12 
9064 12 
9065 12 
9066 12 
9067 12 
9068 12 
9069 12 
9070 12 
9071 12 
9072 12 
9073 12 
9074 12 
9075 12 
9076 12 
9077 12 
9078 12 
9079 12 
9080 12 
9081 12 
9082 12 
9083 12 
9084 12 
9085 12 
9086 12 
9087 12 
9088 12 
9089 12 
9090 12 
9091 12 
9092 12 
9093 12 
9094 12 
9095 12 
9096 12 
9097 12 
9098 12 
9099 12 
9100 12 
9101 12 
9102 12 
9103 12 
9104 12 
9105 12 
9106 12 
9107 12 
9108 12 
9109 12 
9110 12 
9111 12 
9112 12 
9113 12 
9114 12 
9115 12 
9116 12 
9117 12 
9118 12 
9119 12 
9120 12 
9121 12 
9122 12 
9123 12 
9124 12 
9125 12 
9126 12 
9127 12 
9128 12 
9129 12 
9130 12 
9131 12 
9132 12 
9133 12 
9134 12 
9135 12 
9136 12 
9137 12 
9138 12 
9139 12 
9140 12 
9141 12 
9142 12 
9143 12 
9144 12 
9145 12 
9146 12 
9147 12 
9148 12 
9149 12 
9150 12 
9151 12 
9152 12 
9153 12 
9154 12 
9155 12 
9156 12 
9157 12 
9158 12 
9159 12 
9160 12 
9161 12 
9162 12 
9163 12 
9164 12 
9165 12 
9166 12 
9167 12 
9168 12 
9169 12 
9170 12 
9171 12 
9172 12 
9173 12 
9174 12 
9175 12 
9176 12 
9177 12 
9178 12 
9179 12 
9180 12 
9181 12 
9182 12 
9183 12 
9184 12 
9185 12 
9186 12 
9187 12 
9188 12 
9189 12 
9190 12 
9191 12 
9192 12 
9193 12 
9194 12 
9195 12 
9196 12 
9197 12 
9198 12 
9199 12 
9200 12 
9201 12 
9202 12 
9203 12 
9204 12 
9205 12 
9206 12 
9207 12 
9208 12 
9209 12 
9210 12 
9211 12 
9212 12 
9213 12 
9214 12 
9215 12 
9216 12 
9217 12 
9218 12 
9219 12 
9220 12 
9221 12 
9222 12 
9223 12 
9224 12 
9225 12 
9226 12 
9227 12 
9228 12 
9229 12 
9230 12 
9231 12 
9232 12 
9233 12 
9234 12 
9235 12 
9236 12 
9237 12 
9238 12 
9239 12 
9240 12 
9241 12 
9242 12 
9243 12 
9244 12 
9245 12 
9246 12 
9247 12 
9248 12 
9249 12 
9250 12 
9251 12 
9252 12 
9253 12 
9254 12 
9255 12 
9256 12 
9257 12 
9258 12 
9259 12 
9260 12 
9261 12 
9262 12 
9263 12 
9264 12 
9265 12 
9266 12 
9267 12 
9268 12 
9269 12 
9270 12 
9271 12 
9272 12 
9273 12 
9274 12 
9275 12 
9276 12 
9277 12 
9278 12 
9279 12 
9280 12 
9281 12 
9282 12 
9283 12 
9284 12 
9285 12 
9286 12 
9287 12 
9288 12 
9289 12 
9290 12 
9291 12 
9292 12 
9293 12 
9294 12 
9295 12 
9296 12 
9297 12 
9298 12 
9299 12 
9300 12 
9301 12 
9302 12 
9303 12 
9304 12 
9305 12 
9306 12 
9307 12 
9308 12 
9309 12 
9310 12 
9311 12 
9312 12 
9313 12 
9314 12 
9315 12 
9316 12 
9317 12 
9318 12 
9319 12 
9320 12 
9321 12 
9322 12 
9323 12 
9324 12 
9325 12 
9326 12 
9327 12 
9328 12 
9329 12 
9330 12 
9331 12 
9332 12 
9333 12 
9334 12 
9335 12 
9336 12 
9337 12 
9338 12 
9339 12 
9340 12 
9341 12 
9342 12 
9343 12 
9344 12 
9345 12 
9346 12 
9347 12 
9348 12 
9349 12 
9350 12 
9351 12 
9352 12 
9353 12 
9354 12 
9355 12 
9356 12 
9357 12 
9358 12 
9359 12 
9360 12 
9361 12 
9362 12 
9363 12 
9364 12 
9365 12 
9366 12 
9367 12 
9368 12 
9369 12 
9370 12 
9371 12 
9372 12 
9373 12 
9374 12 
9375 12 
9376 12 
9377 12 
9378 12 
9379 12 
9380 12 
9381 12 
9382 12 
9383 12 
9384 12 
9385 12 
9386 12 
9387 12 
9388 12 
9389 12 
9390 12 
9391 12 
9392 12 
9393 12 
9394 12 
9395 12 
9396 12 
9397 12 
9398 12 
9399 12 
9400 12 
9401 12 
9402 12 
9403 12 
9404 12 
9405 12 
9406 12 
9407 12 
9408 12 
9409 12 
9410 12 
9411 12 
9412 12 
9413 12 
9414 12 
9415 12 
9416 12 
9417 12 
9418 12 
9419 12 
9420 12 
9421 12 
9422 12 
9423 12 
9424 12 
9425 12 
9426 12 
9427 12 
9428 12 
9429 12 
9430 12 
9431 12 
9432 12 
9433 12 
9434 12 
9435 12 
9436 12 
9437 12 
9438 12 
9439 12 
9440 12 
9441 12 
9442 12 
9443 12 
9444 12 
9445 12 
9446 12 
9447 12 
9448 12 
9449 12 
9450 12 
9451 12 
9452 12 
9453 12 
9454 12 
9455 12 
9456 12 
9457 12 
9458 12 
9459 12 
9460 12 
9461 12 
9462 12 
9463 12 
9464 12 
9465 12 
9466 12 
9467 12 
9468 12 
9469 12 
9470 12 
9471 12 
9472 12 
9473 12 
9474 12 
9475 12 
9476 12 
9477 12 
9478 12 
9479 12 
9480 12 
9481 12 
9482 12 
9483 12 
9484 12 
9485 12 
9486 12 
9487 12 
9488 12 
9489 12 
9490 12 
9491 12 
9492 12 
9493 12 
9494 12 
9495 12 
9496 12 
9497 12 
9498 12 
9499 12 
9500 12 
9501 12 
9502 12 
9503 12 
9504 12 
9505 12 
9506 12 
9507 12 
9508 12 
9509 12 
9510 12 
9511 12 
9512 12 
9513 12 
9514 12 
9515 12 
9516 12 
9517 12 
9518 12 
9519 12 
9520 12 
9521 12 
9522 12 
9523 12 
9524 12 
9525 12 
9526 12 
9527 12 
9528 12 
9529 12 
9530 12 
9531 12 
9532 12 
9533 12 
9534 12 
9535 12 
9536 12 
9537 12 
9538 12 
9539 12 
9540 12 
9541 12 
9542 12 
9543 12 
9544 12 
9545 12 
9546 12 
9547 12 
9548 12 
9549 12 
9550 12 
9551 12 
9552 12 
9553 12 
9554 12 
9555 12 
9556 12 
9557 12 
9558 12 
9559 12 
9560 12 
9561 12 
9562 12 
9563 12 
9564 12 
9565 12 
9566 12 
9567 12 
9568 12 
9569 12 
9570 12 
9571 12 
9572 12 
9573 12 
9574 12 
9575 12 
9576 12 
9577 12 
9578 12 
9579 12 
9580 12 
9581 12 
9582 12 
9583 12 
9584 12 
9585 12 
9586 12 
9587 12 
9588 12 
9589 12 
9590 12 
9591 12 
9592 12 
9593 12 
9594 12 
9595 12 
9596 12 
9597 12 
9598 12 
9599 12 
9600 12 
9601 12 
9602 12 
9603 12 
9604 12 
9605 12 
9606 12 
9607 12 
9608 12 
9609 12 
9610 12 
9611 12 
9612 12 
9613 12 
9614 12 
9615 12 
9616 12 
9617 12 
9618 12 
9619 12 
9620 12 
9621 12 
9622 12 
9623 12 
9624 12 
9625 12 
9626 12 
9627 12 
9628 12 
9629 12 
9630 12 
9631 12 
9632 12 
9633 12 
9634 12 
9635 12 
9636 12 
9637 12 
9638 12 
9639 12 
9640 12 
9641 12 
9642 12 
9643 12 
9644 12 
9645 12 
9646 12 
9647 12 
9648 12 
9649 12 
9650 12 
9651 12 
9652 12 
9653 12 
9654 12 
9655 12 
9656 12 
9657 12 
9658 12 
9659 12 
9660 12 
9661 12 
9662 12 
9663 12 
9664 12 
9665 12 
9666 12 
9667 12 
9668 12 
9669 12 
9670 12 
9671 12 
9672 12 
9673 12 
9674 12 
9675 12 
9676 12 
9677 12 
9678 12 
9679 12 
9680 12 
9681 12 
9682 12 
9683 12 
9684 12 
9685 12 
9686 12 
9687 12 
9688 12 
9689 12 
9690 12 
9691 12 
9692 12 
9693 12 
9694 12 
9695 12 
9696 12 
9697 12 
9698 12 
9699 12 
9700 12 
9701 12 
9702 12 
9703 12 
9704 12 
9705 12 
9706 12 
9707 12 
9708 12 
9709 12 
9710 12 
9711 12 
9712 12 
9713 12 
9714 12 
9715 12 
9716 12 
9717 12 
9718 12 
9719 12 
9720 12 
9721 12 
9722 12 
9723 12 
9724 12 
9725 12 
9726 12 
9727 12 
9728 12 
9729 12 
9730 12 
9731 12 
9732 12 
9733 12 
9734 12 
9735 12 
9736 12 
9737 12 
9738 12 
9739 12 
9740 12 
9741 12 
9742 12 
9743 12 
9744 12 
9745 12 
9746 12 
9747 12 
9748 12 
9749 12 
9750 12 
9751 12 
9752 12 
9753 12 
9754 12 
9755 12 
9756 12 
9757 12 
9758 12 
9759 12 
9760 12 
9761 12 
9762 12 
9763 12 
9764 12 
9765 12 
9766 12 
9767 12 
9768 12 
9769 12 
9770 12 
9771 12 
9772 12 
9773 12 
9774 12 
9775 12 
9776 12 
9777 12 
9778 12 
9779 12 
9780 12 
9781 12 
9782 12 
9783 12 
9784 12 
9785 12 
9786 12 
9787 12 
9788 12 
9789 12 
9790 12 
9791 12 
9792 12 
9793 12 
9794 12 
9795 12 
9796 12 
9797 12 
9798 12 
9799 12 
9800 12 
9801 12 
9802 12 
9803 12 
9804 12 
9805 12 
9806 12 
9807 12 
9808 12 
9809 12 
9810 12 
9811 12 
9812 12 
9813 12 
9814 12 
9815 12 
9816 12 
9817 12 
9818 12 
9819 12 
9820 12 
9821 12 
9822 12 
9823 12 
9824 12 
9825 12 
9826 12 
9827 12 
9828 12 
9829 12 
9830 12 
9831 12 
9832 12 
9833 12 
9834 12 
9835 12 
9836 12 
9837 12 
9838 12 
9839 12 
9840 12 
9841 12 
9842 12 
9843 12 
9844 12 
9845 12 
9846 12 
9847 12 
9848 12 
9849 12 
9850 12 
9851 12 
9852 12 
9853 12 
9854 12 
9855 12 
9856 12 
9857 12 
9858 12 
9859 12 
9860 12 
9861 12 
9862 12 
9863 12 
9864 12 
9865 12 
9866 12 
9867 12 
9868 12 
9869 12 
9870 12 
9871 12 
9872 12 
9873 12 
9874 12 
9875 12 
9876 12 
9877 12 
9878 12 
9879 12 
9880 12 
9881 12 
9882 12 
9883 12 
9884 12 
9885 12 
9886 12 
9887 12 
9888 12 
9889 12 
9890 12 
9891 12 
9892 12 
9893 12 
9894 12 
9895 12 
9896 12 
9897 12 
9898 12 
9899 12 
9900 12 
9901 12 
9902 12 
9903 12 
9904 12 
9905 12 
9906 12 
9907 12 
9908 12 
9909 12 
9910 12 
9911 12 
9912 12 
9913 12 
9914 12 
9915 12 
9916 12 
9917 12 
9918 12 
9919 12 
9920 12 
9921 12 
9922 12 
9923 12 
9924 12 
9925 12 
9926 12 
9927 12 
9928 12 
9929 12 
9930 12 
9931 12 
9932 12 
9933 12 
9934 12 
9935 12 
9936 12 
9937 12 
9938 12 
9939 12 
9940 12 
9941 12 
9942 12 
9943 12 
9944 12 
9945 12 
9946 12 
9947 12 
9948 12 
9949 12 
9950 12 
9951 12 
9952 12 
9953 12 
9954 12 
9955 12 
9956 12 
9957 12 
9958 12 
9959 12 
9960 12 
9961 12 
9962 12 
9963 12 
9964 12 
9965 12 
9966 12 
9967 12 
9968 12 
9969 12 
9970 12 
9971 12 
9972 12 
9973 12 
9974 12 
9975 12 
9976 12 
9977 12 
9978 12 
9979 12 
9980 12 
9981 12 
9982 12 
9983 12 
9984 12 
9985 12 
9986 12 
9987 12 
9988 12 
9989 12 
9990 12 
9991 12 
9992 8 
9993 8 
9994 8 
9995 8 
9996 8 
9997 8 
9998 8 
9999 8 
10000 8 
