1 0.32869949185576486 100.66178772480127
2 1.0898399971136503 101.73617998023592
3 0.38876647959520444 100.93078086883668
4 0.598153904429779 101.9272316162997
5 0.9463666257206658 101.64163155086436
6 0.2996879456923206 100.26079767794452
7 0.3546128644287425 101.86325689814402
8 0.6020179787091512 100.15114448238404
9 1.069155702861757 100.55406235619913
10 0.3647202886078285 101.76376342395639
11 0.7726938788360642 100.17124564868297
12 1.046956427774765 101.76607293164389
13 1.239653676821288 101.44616106313958
14 1.0702152061351675 100.43395920809839
15 0.7462377229959537 100.10110533057892
16 0.8372274001518575 101.14770038615269
17 0.8775838545145557 100.51140452789132
18 0.45916631294493104 102.06122159675225
19 0.25464240516684167 101.98487740987923
20 0.5031356568701717 100.52529807540532