1 0.20906737237702064 100.161955603973
2 0.306338309116285 100.09295418938899
3 0.5009481394871614 101.33776810843322
4 0.8583963553578775 101.20613716271082
5 1.1969004275896205 101.86685380196599
6 0.5808593571013462 100.3907692679589
7 1.3237815983745678 101.65820451306348
8 0.9006380432310579 101.35457281967471
9 0.5932457615788188 100.0979492859106
10 0.6082327287674413 100.00787895726664
11 0.5049371430462913 100.66573448224507
12 0.043042076435722686 101.9705209064679
13 0.4922672978174509 100.80773907366334
14 0.7538048909264937 101.09240206464806
15 0.23286265027837127 100.844853858175
16 0.0811086001647475 100.38058487513183
17 0.402497474104862 102.09567849066026
18 0.6322519319222443 101.4620987246384
19 1.4347395207756495 100.47289824032245
20 0.2698161176609653 101.84071042313066
21 0.9476251650699398 101.4137413270073
22 0.44651000043919764 101.75168788669599
23 1.4543032275966863 102.00824261237463
24 0.17052664033657183 100.4214079969695
25 1.2248872359902556 101.32780107487802
26 0.3814621827213104 100.45401206003719
27 1.146842193540895 100.97780369976957
28 0.5615780019239964 101.66463605320641
29 0.05002551391947114 101.24791260225099
30 1.1016887732031524 101.48020242191419
31 0.35388221356600413 101.61828278358834
32 0.9179073256229618 100.41867879460084
33 0.2874139684492556 100.30577964087202
34 1.3411819877017077 101.89413897397525
35 0.7787200052744078 101.97481537477086
36 0.4041368044149231 100.82985547436869
37 1.0617517070223925 101.55441380593686
38 0.18037259916343062 100.40670883891451
39 1.1088910342574205 100.18730514251921
40 1.4777189234583783 101.69087391500753
41 1.4188278272021655 101.96007193247763
42 1.2371146623632732 100.08777012242986
43 0.3950055380286814 101.6150336581363
44 1.0907666152683297 101.85692947699604
45 0.24799906216289774 101.25994457902688
46 1.0937702560206093 100.06425898929336
47 0.7584712596216849 101.17907767362466
48 0.9778287653982717 101.57397701037209
49 0.02599808791568597 101.48220068141516
50 0.6381957841331449 101.76520232442361
51 0.19296802877615246 101.56993485926431
52 1.385548928159209 101.81512798623795
53 0.5856877402397368 100.88208174493944
54 1.2029581646443583 101.23098514871106
55 1.4005398486720126 100.89205914322994
56 0.3414241819784245 100.64723401873624
57 0.23095892177639646 102.03582171010851
58 0.48665425051069217 100.5112129315842
59 1.3750268538806556 101.0196584308186
60 1.2342887458001472 101.7049544975221
61 1.2466274398978485 101.37871725462581
62 0.7791105687065557 101.60597405181284
63 1.4384413664830358 100.9566937218464
64 1.0168553751809686 101.89070403724158
65 1.4778045440914258 100.70275589028401
66 1.3509337353582256 101.89307312316942
67 0.4002025839871976 100.44281415402091
68 0.20989946235894782 100.34625306233647
69 1.4259295653256119 100.37681235341147
70 0.9794994983867736 101.3864089262195
71 1.3377209852618426 100.08279285141768
72 0.5906416119075658 100.3802442335922
73 0.09533540840945433 102.06317164977273
74 0.0638711816820188 101.30159886345031
75 1.2991042740642054 100.12235720395456
76 0.38411827762808093 100.4653696387213
77 1.161080867732554 101.3994148172797
78 0.7182071507571973 100.77467351661869
79 0.14201266650607225 100.72214351833537
80 1.2926712166187697 100.26680150093094
81 1.1412925039614994 101.3429445577528
82 1.26891269271701 101.28372271685464
83 1.433919867021645 101.85815883303395
84 0.752015021142986 100.84182345818193
85 0.15275003597700848 101.53396966225284
86 1.2504151143192435 101.01451277375739
87 1.2377327999542151 101.77021019722069
88 1.0832229181917712 101.22232972911436
89 1.4690356844430723 100.54576657213822
90 1.4211529410043404 100.46166558433157
91 0.5022940227982492 100.59498906059136
92 0.43849993746053056 100.792207929497
93 1.10683412338303 100.77497992589285
94 1.415023245026202 101.0365010989719
95 1.2490503556598427 100.13260693359334
96 0.04859355586842564 100.58315595935665
97 0.7545072263677075 100.04248552763015
98 0.6361426554991589 100.35685869700302
99 1.299675876884493 100.36206519906507
100 1.203316896369835 101.84141553604313
101 0.5581138602045422 101.37028646383952
102 0.15533107630137832 100.99341614280101
103 0.855696786770521 101.62320720215494
104 1.0558099327723072 100.582476625005
105 1.0599214062109588 101.57381588678264
106 0.21468661696797392 101.05418247969719
107 0.005536628534711246 102.06144126485842
108 1.2795364632381963 100.5790751530149
109 1.4229113710915207 100.68829989974412
110 1.2484695637223044 100.08114464766892
111 1.0268532112874393 100.49858170234378
112 0.15781976708528428 100.44831859933288
113 0.8688923029642176 100.04352869483883
114 1.3273310135288352 100.9973590110574
115 0.07245252523916348 101.15535993812891
116 0.2356929369928576 101.10555620519679
117 0.7408798876267576 100.11303326668065
118 0.5041970253425304 101.24285700514667
119 0.5424478964385959 101.24128965159548
120 1.4766814522741354 101.39782415408747
121 0.9952439629594791 101.15554098012426
122 0.866642766171621 100.68513611572136
123 0.5750332154786026 101.89595421973377
124 0.6499057161842302 100.95729398389327
125 1.304905950901674 100.21885524929594
126 0.030371165195237658 100.34495973421592
127 1.107663464755721 101.98481921631823
128 0.11326762565155095 102.03564969660424
129 0.8367911058513662 100.93932246874843
130 1.0555081518229206 101.28951541671984
131 1.1875754883367653 100.94920256283235
132 1.4098537635707007 101.831772613285
133 0.6493861338343233 100.22293035892852
134 0.762099182228816 100.12798063521223
135 0.5135679750656518 100.93246827874535
136 0.21184896628003336 101.76596661084807
137 1.002088599561513 101.21353944839235
138 0.35868642583903565 100.32497616858323
139 1.2553501234212423 101.76860157769065
140 0.8366337525411436 100.90227082580253
141 0.46758254122510173 101.33003636466262
142 0.5967000364248183 101.79407919680499
143 0.11044092233339718 100.67148621220947
144 0.8789026832982829 100.72936481421387
145 1.2678615253473164 101.50170929269368
146 0.513708878162095 100.14578426853116
147 0.6490365563925689 100.00797704225367
148 1.3929383795563273 101.64139905243013
149 0.004527501115166585 101.5602963178142
150 0.864558858515233 100.78024531758585
151 0.33965963651170633 101.88224484023917
152 0.8933096267177029 100.40122120979161
153 0.9188042573200886 100.56394644840867
154 0.2976426811132181 100.04312465597681
155 1.440295878139354 100.78754676548033
156 0.4948136360568829 100.80392811910905
157 1.0785971506944603 100.5592747195719
158 0.7524709557229394 102.00577449524368
159 0.11947859934908449 101.9261631877931
160 0.6934567318716205 100.69852803403121
161 1.1543640692486954 101.36888707345979
162 1.4645181466630226 100.43138031117044
163 1.265254129021727 101.50752811448935
164 1.3488081576442905 100.63022236767472
165 0.18832718153863354 100.31873598675135
166 0.27203808429618903 101.10751042635877
167 0.6570308660773225 101.6536398312655
168 1.446859217881396 101.8517831601635
169 1.1633761302021763 101.91092063086818
170 0.5090601343394722 100.97118407573954
171 1.369384171257082 101.29063088483542
172 0.7292282385840916 100.35040916335734
173 0.5890541369906288 101.76609960142487
174 0.7215051854823772 100.40049778966652
175 0.04338572363919992 100.87458402689238
176 0.6271427731746411 100.33030934247881
177 0.04408329532027311 100.00310964036933
178 1.1332751006492991 100.02951175269794
179 0.1702756535244238 100.3009657951313
180 1.3024080456284748 101.1453478630671
181 0.7370145868534203 101.33566574335184
182 0.9855292697378594 101.18878954786517
183 0.3240469555541364 101.38711530676242
184 0.01202570380612726 100.35308112252461
185 0.26691992454041763 100.89418624473772
186 0.6969570775829702 100.4964225529285
187 1.4404054871563428 101.93834404955115
188 1.358396775223886 101.30797826600116
189 0.27943785006010374 100.70849246629943
190 0.619770865626652 101.27469885300195
191 1.1805305390312701 101.49555812449779
192 0.3934101818705787 102.11306608065284
193 0.18763452212620974 101.34442948092634
194 0.1081349582523831 101.29589158568619
195 0.6482331872026141 101.41376187380479
196 1.0660764988145617 101.59473293005675
197 1.4605421554467146 100.35180085901514
198 0.5313151176724736 101.38412620337459
199 0.237707805785549 100.70033063702036
200 1.22219897591954 100.09168974032899
201 0.36401257879529836 100.07055418977028
202 0.6628005109504701 100.30127736383093
203 0.5086740583591204 101.62888133748679
204 0.4788422313159744 100.3268991154979
205 1.3061340446510734 100.52381701670208
206 0.16402178502082687 100.105905219521
207 1.2865961519559368 101.88121869019118
208 0.004267614381618994 100.41419059987514
209 1.1806057827279068 101.28400265360122
210 0.412683431719356 101.98031691763794
211 0.2836407227711161 100.7342980376102
212 1.213156557770458 100.23542485794154
213 0.4345883112659817 101.71520228161643
214 0.24489468623633612 100.1949176383731
215 0.11293030906818663 100.94469034354213
216 0.5752134131989507 100.71746306257955
217 1.4159564488841552 100.66530140828635
218 0.28809063410949015 102.09158970300388
219 0.5276734458774686 101.02459278832998
220 0.42062594124586766 101.17311495029318
221 0.6452589566840841 101.9645129921518
222 0.6264677850365797 100.40689911267654
223 1.258222324025607 101.58457557931433
224 1.2706365389208114 100.07532468801577
225 0.30411239643736243 100.59605455569374
226 0.11022527416707993 101.34407978761392
227 0.3528081902821104 100.40669218766351
228 1.1840721201329352 101.68177612368672
229 1.1364707780103807 101.67451201424045
230 1.4293184059409951 101.67382134924196
231 0.5794966359522085 101.05210514474133
232 1.0604493657313712 100.71886462689048
233 0.24399672032853464 101.86554809552902
234 0.018358872084255285 100.15517147387668
235 1.2431551957647424 100.06836510564233
236 0.4860455195809878 100.3612657477257
237 0.7574887535284215 101.06931372932229
238 1.0761447908879287 101.02934855153224
239 0.9875597702717592 100.10694620939802
240 1.4202286811811824 100.99978462501967
241 0.6204456560648345 101.10837879127395
242 0.9069759612899109 101.16015238382339
243 0.6801831077879944 102.0706537817103
244 0.7793355138447826 100.4332695169987
245 0.4049835971700527 100.49244408778019
246 1.409492132279595 101.39970989009252
247 0.7824572493444629 100.12066451581197
248 1.0715060845112219 100.93650812909279
249 0.6892033189935004 102.02633649124952
250 0.26937627077632953 100.46271824163806
251 1.082571894642467 101.38906290369725
252 0.4349127161794281 101.3832498863623
253 0.561636696917615 100.10737681986141
254 0.49268786566259204 101.38169764147749
255 0.72323675127846 100.43262556828903
256 0.6022540038964503 100.09974669149095
257 0.3265803237239215 100.56258337550572
258 1.308990476700659 102.06318115853317
259 0.11306456888818744 100.95551433057052
260 0.05499451767571708 101.49090492153634
261 1.338037813487881 100.38025147297517
262 0.008117504762124035 100.8882354551762
263 0.040730199644460056 101.94590058382124
264 1.366162952463814 100.26511232160165
265 0.48914911190860205 100.67796451842568
266 0.16010158875758176 100.07160847603569
267 0.526797971120047 102.01502134158791
268 0.7952078552681403 100.22369944521836
269 1.096157360700011 101.09495667315716
270 1.1191388748032916 100.71674843945931
271 0.8205462471114847 101.06214175645056
272 0.9694729013905069 101.65034260881221
273 0.10953042487804983 100.63568485842752
274 0.9581975230049707 101.05657323488204
275 0.07358660505349719 101.98046627609494
276 0.3037243874789425 100.68774084022866
277 0.9934321712469434 102.00967759405737
278 0.4593392644972606 101.54206551513839
279 0.7031458443007732 100.09505215809357
280 0.03019331126509194 101.79437070462798
281 0.5500928991569378 100.23278565000652
282 1.071711901120587 101.88504748352153
283 0.24177098165641178 100.85481987981939
284 0.15494174021854223 101.06308318959714
285 0.29776058185603627 101.55482406375226
286 1.4300669975982372 100.95840600921912
287 0.2877356959896451 100.37803681373072
288 0.20335873128091952 100.03144211629252
289 0.9468354831266184 100.99732156287894
290 1.0674897028074957 101.3541352835314
291 1.3607132801478055 100.89952858721183
292 0.6741079868848087 100.1940263486215
293 1.4167896501583057 100.20093737358175
294 0.12905451356012437 101.18410330770229
295 0.8994923330390953 100.78025010047787
296 0.34258677192046977 101.25775515139283
297 1.477968999596806 100.099036823788
298 0.843700451798276 101.37797593692001
299 0.7156987814016161 102.03561012044392
300 1.2574954330798804 102.10169796284713
301 0.03469373079211801 101.49889559856598
302 1.059022459878697 101.97063611590372
303 0.6026804434850023 101.5300926944188
304 0.7661286519302223 101.8574306807024
305 0.3320182527288726 100.32904903720066
306 0.5776478591575046 101.39028389902482
307 0.5163599647539665 101.59849172092196
308 1.1063420879520458 102.00203898081934
309 1.412482482124133 101.067850906273
310 0.009906990487055034 100.32591948423567
311 1.189179897351334 100.00158247992447
312 1.4501504013416808 101.70539620620929
313 1.1474881290514134 101.68902637603796
314 0.8295527698650301 100.64414221802787
315 0.15604027051980138 100.52391157430569
316 0.4076267210444223 100.99174852918769
317 0.4861192931993446 100.51251718402351
318 0.3146889896950902 101.0414873679678
319 1.397787140636896 101.44023579338632
320 0.4132927642085376 101.35145674001667
321 0.5562410481004452 101.34699741912466
322 1.0525052701304043 102.06786952092405
323 1.3030987834674281 100.5216908372794
324 1.1648465673881812 101.59557887194688
325 0.3692933511735643 100.74409273151548
326 1.2079265728943 101.8517568362671
327 1.3620593375166155 100.889758759369
328 0.5691294040672209 100.0885202859759
329 0.2693332227602442 100.76068251910986
330 1.2757365560661202 100.13672340778339
331 0.9802657916851454 101.69348511514181
332 1.3813863972646665 100.52151553163264
333 0.037870400691279164 101.79965431899934
334 0.14107520171865698 101.35266188443612
335 0.821694734607021 100.43083009608011
336 0.5162818598588259 101.79021000420876
337 0.9993733788476642 101.6224089739338
338 0.535667969455928 101.76357157746247
339 0.823770099587478 101.5700009165239
340 0.3758472341674269 100.05566541915898
341 0.13723037888703324 101.38379212469235
342 0.3652371706820237 101.05373433960183
343 1.2871045724395342 101.20449902120151
344 0.1425650292262561 100.18503872882526
345 0.2583491181291836 100.1159240357042
346 1.4727688200874955 100.41358061257812
347 0.6207941480220371 100.82923811083535
348 0.618195891957437 101.6768014920917
349 0.2255943412836796 100.56393353460547
350 1.1384633149558598 100.51010908498267
351 0.4129190540219314 101.14260167783522
352 0.16679856592437417 100.51103857647536
353 0.7057844679150062 100.19265264874913
354 0.7639180047687353 100.11885228251865
355 0.9324790950089075 101.97479908377366
356 0.23418883691401549 100.43891451303753
357 0.124022076448119 100.47232845967324
358 1.4783518380226595 101.8077909418952
359 1.1021208303482506 101.16251677409889
360 1.2588877076804945 101.99638851758613
361 0.24008556297294997 101.02200712735424
362 1.0271045169279915 102.06684170679321
363 0.976005013791417 100.15245798762754
364 1.0766867013891595 100.47624003352873
365 0.5070099136642857 100.25480452455496
366 1.07750903323478 101.77742438103887
367 1.474188635373851 100.75142568066867
368 0.15057879325066023 101.57103747496305
369 1.0878215473970898 101.46707380261213
370 1.3664453512606856 101.83416254088868
371 0.27780393717204416 101.96553522069264
372 0.5980629610636443 100.99076728660225
373 1.1381609438546818 100.59367035249389
374 0.6045632264823527 101.46527000049498
375 1.425639575648625 101.14217991471321
376 1.0447509719665171 100.4231808960905
377 0.6088843734379003 101.53167615292276
378 0.3336314017322237 101.25342759624557
379 1.4060183790127296 101.17590311891435
380 0.8741397940971466 100.56063837648506
381 1.1136045571473718 101.33949823995037
382 0.5373932834975056 100.79955969361174
383 0.09033566297530396 101.25424399285085
384 0.6017266336744058 100.06194857360181
385 0.27238250380949836 100.68883155023825
386 0.6164235112601032 102.00065299359035
387 0.1279662966183776 101.02793558493903
388 0.026984415273314386 101.60504118104716
389 1.3398411042260874 100.45083601025132
390 1.277618224465998 101.48392877417358
391 0.8273323903001967 100.63116732901666
392 1.2268848746194152 101.62991878669362
393 0.9593191224052592 100.16576261784668
394 1.1844491267417263 101.53626261591582
395 0.037805416274819384 100.4400323090479
396 1.2285386630133068 100.71623482673154
397 1.169978232329744 101.02759860687203
398 0.22975656026554583 100.21829827885685
399 0.8616897003894681 100.30517654670189
400 1.4154630699016313 101.68985518445012
401 0.2992139140289003 101.26434104347044
402 1.0241637656305689 100.5586151025373
403 0.8525459591327771 101.77977651855363
404 0.4218290054970637 100.76712339595355
405 0.40455532017588 101.06299692237256
406 0.21975376142587952 100.86826504247975
407 1.4470795978091344 100.2168844257477
408 0.9624198981331691 101.38042764050431
409 0.3357969908260292 101.92617191025333
410 0.20291771322048077 101.15772211525939
411 1.3800973652102855 100.80282341715261
412 0.442918366587049 101.65125667712987
413 1.2981512473114805 100.57337033520552
414 0.3971129760775 100.13722363239553
415 1.345163598576591 101.2714778780207
416 0.831503362374402 100.37386135515334
417 0.07677285057717108 100.28122856020931
418 0.14888557654072526 100.2876468956919
419 0.46989195610139206 100.44108183700263
420 1.182671345847282 100.41332102166294
421 1.1521881851830684 100.16154091696754
422 0.08826970228635829 101.62291238537917
423 0.2902292128760113 101.5760016160884
424 0.895365986585395 101.65018932320153
425 1.0070002019083113 100.82453046666362
426 0.40267692171494407 100.86222302647059
427 1.479470755445599 100.3156600654154
428 0.8990622851487841 101.40099196891204
429 0.33338633801799056 100.02055908032528
430 0.09304802407610774 100.2805299294498
431 0.10888109869804637 102.11085949818376
432 1.1682998601348942 100.4727953245259
433 0.2759093989572546 100.47620544024377
434 0.7293678132707416 100.26216463868275
435 0.5113736985570381 102.01044462758563
436 0.6440153223145918 100.00117482572836
437 0.6954911441087153 100.66600478159751
438 0.5021115474351222 100.29321436992453
439 0.027106953229981058 100.68925591610679
440 0.1564830613538567 102.01886327676408
441 0.06028412577157041 102.11328604070928
442 0.9324806726958863 101.36137483067945
443 1.1440305992720403 100.86685955762465
444 0.7054102342023904 100.59667557390374
445 0.7051697673092094 100.1259997600396
446 0.9323091516550034 101.7985014401125
447 0.04721086626067487 101.68917497302064
448 0.21461913034790173 101.75550140830869
449 1.2548396668335395 100.65758519565522
450 0.5271789133415999 101.10644070258815
451 1.2012482667223812 100.2025273202502
452 1.2370945069692472 101.96716642169292
453 0.27534676814329545 100.5202476646988
454 0.5337070998116263 101.78029082246366
455 0.6468892283160699 100.69704464051343
456 0.3011059392986012 100.73215922634347
457 0.5681480831377954 100.35561414166449
458 0.7585190194086915 100.59791241848605
459 1.235993347032526 101.48197597425154
460 0.53054636608633 100.91591795563394
461 0.7451304722050675 100.60350350140212
462 1.385540427600859 100.53879711144532
463 0.005035321831504328 100.70079520869804
464 1.263687050648296 101.54657372340642
465 0.1527315047738764 101.30943437822998
466 0.4321258456363247 100.68683938683247
467 0.1898122132873322 100.32612840980036
468 0.7334687745992656 101.14234371487885
469 0.073156088055764 100.15519160653325
470 0.09667550233035999 100.35563563062917
471 0.7533520086541995 100.34969770363213
472 0.9284665053930934 100.26314270526213
473 0.3458732386163377 101.26619712369816
474 0.05076838167043457 100.97766752836608
475 0.6531291566384096 101.28125920023274
476 1.2606677225990317 100.67373986854624
477 1.3136481642720104 101.46352364378457
478 1.3920523390021071 100.37638163792418
479 1.3107044473395757 100.45848598176168
480 0.6462699851192868 102.05640212038772
481 0.8915901652787338 101.25614439678337
482 0.8042473600675617 101.0604858131592
483 0.2810331503550036 100.41423434099664
484 0.7460806329504468 101.17960570320379
485 1.3203307973913132 101.13501912714868
486 0.24162519709276878 101.57798105799918
487 1.2540636713723614 100.89522047786919
488 1.3631433456265645 101.29032796443758
489 0.7216673769421287 100.07837851858007
490 0.4512191865170641 101.07799828127986
491 0.43078256041370067 101.55877500239816
492 0.8314119461709074 100.93204961678285
493 1.2323879941217122 100.47964068200935
494 0.8033499043072163 101.5109221393993
495 1.0119986117848543 101.22116001792385
496 1.40066145455273 100.36782606544703
497 0.37021992156004935 100.01554053614628
498 0.05835045009212464 100.72148892987077
499 0.10735160639930474 101.81659466421948
500 0.37023056202256105 100.29914377445736
501 0.37496903314823044 101.95175078479114
502 1.0301606203433533 101.44313401314022
503 0.18517396190964874 100.09626445046325
504 0.6478711379628945 101.50747755511
505 1.299235503237185 100.42467739162491
506 0.6951250229985976 101.4003996330301
507 0.5490177685115303 102.01954328111051
508 0.8181492513408287 101.62110153123717
509 0.8278211236965616 101.30633504327831
510 0.5987647326580275 101.73558557661707
511 0.8047939051121678 100.35322849734014
512 0.5213239876801897 101.9676441344424
513 1.166751508988799 102.111262163054
514 0.7326448440968313 101.57734508166138
515 0.059552223929225816 101.58042968397517
516 0.8387277595537069 101.4087208974662
517 1.474011745423483 101.58301405902193
518 0.9454917809736527 101.37428032399515
519 0.8716330235476328 101.31243087093677
520 1.019201869503116 101.36114006043847
521 0.2919337918195009 101.6173637644512
522 0.8186632581786637 101.90171638350697
523 0.7421749493406328 100.66028483071052
524 0.01194861214573666 101.7283791652372
525 1.1162455741761128 100.92921420778433
526 1.0251137347218944 100.0661692051559
527 0.7420872019985726 101.95796731537695
528 0.308488083158662 100.5634447565082
529 0.6707585322118937 101.01468415964742
530 0.7539958846984391 100.93939988404252
531 0.7437414895569135 100.732136441648
532 0.786293821501927 101.98190817968921
533 0.0802703912901593 101.63414112028727
534 0.3894585253205236 101.58014893966323
535 1.4123477259606834 100.25011321787873
536 0.3318234137798273 100.01876097579725
537 0.6808898100986039 101.48640003621563
538 0.04813149007195864 101.65143221823818
539 0.7337487466659611 101.23963100044796
540 0.5188306356848564 101.43183664607263
541 0.9132099444925178 100.86038402128172
542 0.42184542700552263 101.83988509638353
543 0.5712730133148197 101.6674831975915
544 0.6312420783639567 101.67801355912798
545 0.5193727650531924 102.0616538051577
546 0.9313028699877425 101.01156870165642
547 0.5833004272274507 101.23584671231558
548 0.8542992893738328 101.7368772347798
549 1.0500559470225574 100.45817904810157
550 0.20798139442054214 101.10960324347859
551 0.34583250979875535 100.78979163563423
552 0.9284637256687338 100.8203079749199
553 0.44816769583819255 100.07034641506523
554 0.5721487930285505 100.3275018535216
555 0.9084066891615623 101.13039618144951
556 1.2819222059305717 101.70100827867206
557 0.09094603833086658 100.20764045804364
558 1.364801780535034 100.70885022248147
559 1.3613174557133187 100.79090862878255
560 0.5880663325852246 100.1553028882574
561 1.0108268554785087 101.47293048219217
562 0.8210735378711876 101.92192182321375
563 0.8605594921839722 100.57702059692969
564 1.134082654174048 100.48352564790684
565 1.0391703765572602 101.69620830048773
566 0.15637927785300024 101.68767208636065
567 1.4186938065873549 101.14415482673228
568 0.2274651754748941 100.17965706745721
569 1.1439814719131405 101.10520529874984
570 0.24610488421881813 100.34232996109942
571 0.4336632561069595 100.35792375722534
572 0.7129090539681172 100.71174013577443
573 0.09796518287480803 100.80890455832021
574 1.1121916154447042 101.51180143539396
575 0.6565982943345116 101.18688167290762
576 0.8079486831333098 101.10058678402228
577 1.3752036873104478 101.97362526208397
578 0.026267402101940777 101.26824119977022
579 0.6753842461254264 100.51181077714084
580 1.1015751252612216 101.50884606218439
581 1.311118420045235 100.77965293209955
582 0.9440418429412538 100.20141060208663
583 1.4212250705622473 100.62445935226502
584 0.4620392406528691 100.34358068356734
585 0.2550548918472036 100.68140697075597
586 0.19286171957333265 100.24936464560477
587 0.2986501624073491 101.99848072405486
588 1.4442669054732233 101.62787008747408
589 0.6355574676010338 101.87391384298074
590 0.4864212586064093 102.02488864441263
591 1.3803260970462476 100.34948361562154
592 0.6030930179250774 101.51829139510447
593 0.8963607646492686 101.23204443531486
594 1.1744292714549758 101.23444676274454
595 0.9878173410569726 100.73910047528226
596 0.5545911194405797 101.01592957248576
597 1.3097297469379199 101.9220167114184
598 0.5332661307981744 100.03355879049855
599 0.6943928866877748 100.16766069797035
600 1.0647965167357658 100.84847762237716
601 0.8542733929235282 100.34204756130984
602 0.08603807511382858 101.00030900480117
603 0.058054917347648005 100.34768154462107
604 0.42143357218462996 102.02795407920284
605 1.095279151620796 100.86156901983678
606 1.3254988088144894 101.93653449672345
607 0.31069949870167946 101.15759201569276
608 0.6802604112465348 100.84932199996642
609 0.7968453450681467 101.33914438376118
610 0.8587583562754048 100.11574142405746
611 1.0852159424966725 100.37539516840812
612 0.5727306301771286 101.69151585176141
613 0.278478837574188 101.712301078033
614 1.1673047700646688 102.00489752364793
615 1.114105226743331 100.0990408697427
616 0.590185114071388 101.88749092754378
617 0.8336653140269922 100.92611384497711
618 0.5554779622178521 101.79369987465734
619 1.1044443052129453 100.27005144597412
620 1.4163004734204254 101.91108636280053
621 0.28472746607113564 101.29477781406578
622 1.2081076346791841 100.9320499454277
623 0.7479688938590987 100.35432645832049
624 1.375591408861836 101.07371265725229
625 0.3585879510631143 101.44290838875087
626 0.5722431836612771 101.48787646644588
627 0.657947209191138 100.23526408821495
628 0.4437552421552353 101.16821539448809
629 1.1487354037014663 101.33316009245446
630 1.3739196750964802 101.98023075537957
631 1.266605729633644 100.96459172178808
632 0.7312887960249299 101.54450130122993
633 0.935941318075922 100.25364206170957
634 0.940333456564128 101.84612088608213
635 0.8251239988969408 100.06432402097248
636 0.6734285214086314 102.0035981648934
637 0.9826973776825535 100.7729327159004
638 1.3718018243753287 101.84360683641194
639 1.095525903256932 100.98291592303681
640 0.2488403972478643 100.44861124238933
641 1.407832674559977 100.77144622548607
642 0.060815433148248416 100.02195277277931
643 1.348064196441244 100.59242146320409
644 0.9010706778747519 101.040323931699
645 0.275881612505579 101.12672481126783
646 0.409372665727718 100.91740975164244
647 0.2853713215187014 100.33986762325877
648 0.48467640425650615 101.49459686344366
649 0.3340877924118016 100.57076549550641
650 0.8394174722524613 101.28803845741011
651 0.6792319885221276 101.14578109357905
652 0.40804390822629455 101.89964784713239
653 1.347027068413487 101.3576691358676
654 0.7216199405542444 101.60051102358318
655 0.049895685363348194 101.57646314832209
656 0.008908835256792636 100.16494324277107
657 0.03550371686516714 100.45056073942477
658 1.4366146606730412 101.01249221064778
659 1.2035701131902778 100.0473798658201
660 0.23620584379893864 100.07194365138761
661 0.20303489677268366 100.2614113430891
662 0.856865396791694 101.0882558416336
663 1.3498045662863656 100.91397680387934
664 0.3814541461147393 100.15490727999847
665 0.541222791892592 101.84813162479385
666 0.6085701129705742 101.57531888427482
667 1.395226685574198 100.19726599012021
668 0.0006102475746293063 102.0080227745746
669 0.9422935001381867 102.0265307453448
670 1.4165677045136436 101.81284650971318
671 1.4704161037371162 101.46490005990987
672 1.120966557051934 101.18103255930865
673 1.0107355930720858 101.62995835888209
674 1.3676994444031756 101.61438106792352
675 0.16457778194698042 102.06955624565406
676 1.44622606122194 100.82903098632123
677 0.9896320531824008 101.90121468029793
678 1.0814015987333723 101.823195012291
679 0.019736204640966776 101.75617923441514
680 0.9004754596768619 101.26972433812284
681 1.1424785345971928 101.86401509697694
682 0.07244132957048469 101.85925323661014
683 0.4592368738183561 100.19325950876893
684 0.20753883588191627 100.83557564948427
685 1.0661786948177039 101.52811603179474
686 0.804064371713308 100.60896097766464
687 1.151630294502234 101.23237769226431
688 0.925409878248523 101.18040897665634
689 0.8379642233764074 102.0424148739469
690 0.2911029243169667 100.3988251132007
691 0.15273854239438375 101.74458908067345
692 1.0779270117530717 102.03646104794926
693 1.4312300115375356 101.63272133571891
694 0.9465877472333905 102.02600354894554
695 0.5068779626235684 100.95136028896961
696 1.3816620484020163 102.09666624298772
697 0.14578052511520834 102.11355809620315
698 0.673544519588875 101.89087720200425
699 1.4279674390550443 101.92904097524375
700 0.7850004281540369 100.73425572816392
701 1.2489631114477358 101.31256193375148
702 1.283882767364999 101.17745411760963
703 0.9094170160906554 100.14141683158037
704 0.758660275532414 101.74386152224899
705 0.08043462511126552 101.84144330931274
706 0.8834918419363196 100.8778946387782
707 0.25043662645485015 101.06811684154538
708 0.7162252085547903 100.83657207227118
709 1.0100074290815069 100.13174181424266
710 1.2945986627079147 101.76035927480895
711 0.6854864254894734 101.3236905722163
712 0.3367709217375819 100.7383857905928
713 0.8511397965933164 100.18323712555431
714 1.337031316104726 100.57089260301296
715 0.30838000776324537 100.81866490948852
716 0.08298027103741416 101.48803561911345
717 0.38111738724975375 100.2854409725969
718 0.026904753376339227 101.22186651742906
719 0.2597357747506009 100.93664407515375
720 0.727577619808938 100.87226653645745
721 1.318392610563332 101.71046774781813
722 1.1810229609536393 101.52412863585575
723 0.995114273797137 100.29638899108322
724 1.270861468502715 100.1822147810703
725 0.35057876754730416 101.93101728454626
726 1.0262199176007465 100.76844432340896
727 0.6983340614560699 100.34988281265943
728 0.7020814691731989 100.5045631397877
729 0.5945558377397836 100.1571724294534
730 1.3893516716137535 101.85500133226466
731 0.3789971274300263 100.69397079140427
732 0.23220467636021425 101.5018623917139
733 0.497889403674093 101.26072042580935
734 0.8564015752701984 100.51622021162657
735 0.638515520748004 101.11368124273419
736 1.3271047382997865 100.33653796848714
737 0.5800584641291561 100.39268993979226
738 1.4110294266548835 101.85386597607933
739 0.03252953272379482 100.23859612141356
740 1.1536876132411127 102.05718188442967
741 0.19981974635699737 100.00558799732386
742 0.6315606318367517 100.10416858498445
743 0.2614193430647378 101.6080328690766
744 1.3990883367851166 100.99408923359296
745 0.12929199867656826 100.27225574935656
746 1.1692369955790356 100.20244939256068
747 1.0270883379516513 100.87953542059734
748 1.1516176344491205 101.56822297440826
749 0.9399890710170157 101.14838520777606
750 0.45198184893717336 100.87995011290488
751 0.6267658081250559 100.00932791720136
752 0.9850631373529717 101.12716378241704
753 0.6593221816908833 101.45369455622662
754 1.4778408400883494 100.47409888660091
755 0.743138938397604 101.93831121649929
756 1.0897445283251628 100.68857146111334
757 0.4893118917124263 100.69163334865672
758 0.3750631386589694 101.86548332580648
759 0.41630439568332317 101.9686196734739
760 0.10747617024042136 100.8084939218096
761 0.6963679485659668 101.4692638232195
762 0.2018334990484944 101.94457269966121
763 0.5925589053789165 100.26757382247237
764 1.1621841657464 100.61119277882776
765 1.0276870797925628 100.21670122368491
766 1.2061959046455515 101.79136823161167
767 0.6035864135463989 101.98726138589625
768 0.17223895269358133 100.81805435451221
769 0.615502485432011 101.28767571773912
770 0.5286533328593299 101.63211595820589
771 0.47456331431715537 102.05533796776886
772 0.6075903270074292 101.87043123843056
773 0.1629166982379023 100.7550732409166
774 0.7729640650568076 101.33282109919746
775 0.5809273803265802 101.94726020471488
776 0.8545461775918947 101.2532565288548
777 0.9825192284231243 100.46289768523266
778 0.010370822440511502 101.29640510857827
779 1.2056783316949122 101.51043356292165
780 0.5235908743627865 102.05971920728784
781 1.0941420676141154 101.77400268448241
782 0.8264921154309963 100.8507179464896
783 0.011305492857608896 100.45153905604596
784 1.2585808200293467 100.46539857315508
785 0.2690095988041571 102.03940851470767
786 1.037199503738574 100.72997347303334
787 0.6113724313090358 101.78020974773035
788 0.12961858040997515 101.37957891003113
789 0.7875605925798814 101.97964950078486
790 0.5151705577617844 100.77715417495735
791 0.04086872981099997 100.80556202221065
792 0.00842874268383146 101.45862862034186
793 0.11893989680883017 100.40075601455369
794 0.8388323439270908 100.59983459788383
795 1.4624819706205774 101.85951916341156
796 0.592087176405685 101.76215729240019
797 0.544223526500201 100.97653414926745
798 1.3446443221880504 100.61200775973342
799 1.018859294214653 100.23700067614693
800 0.31445087004958244 101.53568959132424
801 0.9426272221220706 102.09939959450283
802 1.2766953908135246 100.17052855295192
803 0.7628563179385895 100.6668758342582
804 0.272066013843588 100.94781223965721
805 0.3158278928096653 100.98477082475178
806 0.5164622678783914 100.19465835128865
807 0.9019673265925011 101.15934632288716
808 0.6063689010920703 100.97907869827256
809 0.9313149845052721 100.59528914961352
810 1.0277233525073963 101.86848500689959
811 0.4636871475256758 100.36911056992756
812 0.6886299419620208 101.70063669488721
813 0.4947459084562126 101.19170475231465
814 1.4161893945353432 101.42798768136483
815 1.4130559642028002 100.26874823742196
816 1.4500341136731825 100.45479961502502
817 0.10659385870270043 101.9742977249674
818 0.33731728206668177 100.87177203136363
819 0.8195638199245204 100.8568884194188
820 1.4547329160835867 101.12770390317259
821 1.26845021503644 101.40683479153992
822 1.070436069176138 100.34181927315949
823 0.13639800345120043 101.32147568718136
824 0.300200424684435 101.68500615888964
825 0.38905391681662843 101.57074330959725
826 0.47790227160667437 101.10108183144267
827 1.2948938701466697 101.81669403416302
828 0.5840971758345591 101.87150151723304
829 1.0673900749234686 100.0257352917292
830 0.6078994419878672 100.14278127393311
831 0.5822557692723733 100.05629842139717
832 0.9480815740123324 101.83991436945846
833 0.6867562292698285 100.80483751914117
834 0.7195144106216835 101.14427472731053
835 0.8227797953338474 100.98219966758364
836 0.8480195291709379 100.43171022076238
837 0.8448632487854894 101.86205925188595
838 0.5411091210850502 100.89413939866168
839 0.3755974371850698 100.43593858357919
840 1.4208229378638901 101.91832919213864
841 0.13710792448746192 100.19943897061248
842 1.0349967085890395 101.9714777079395
843 1.2253578660463005 101.07825086732339
844 0.054271072741100344 101.66533378214135
845 0.044860331933559226 100.34729580342497
846 1.434427091744294 100.61746483335845
847 0.22196660082096833 101.27602979082488
848 0.5719206682726726 100.68790406549624
849 0.32704219308261234 100.45006167405268
850 0.008062014660295061 102.04435924421983
851 1.3066669058046647 100.4745275732092
852 1.090344450849971 100.97328248899233
853 0.005068373990312341 100.66105098140206
854 0.20011649455177277 101.33592313951146
855 0.6825329166365255 101.61672470223945
856 1.4412109531223485 100.51924999711623
857 0.032977215335134716 100.26664386802962
858 0.3479372599249233 100.58073089762449
859 0.5891009180344319 101.88777293078508
860 0.40969001101590086 100.60066468766551
861 0.4361225713538 100.71952589851044
862 1.2224947667838382 101.86862094601018
863 1.211143594277263 100.84103189109418
864 0.6543355635230931 100.5550921278098
865 0.9157765931281356 101.13931579192018
866 0.8054447396894431 100.89185726537278
867 0.6142021382821942 101.25820834775683
868 0.667054311286713 101.93487242193856
869 0.8006990638196076 101.58815567933807
870 1.1011503630897084 101.41017197550754
871 0.3156945771782422 101.45835946433824
872 0.21339741756194577 101.82964276895187
873 1.1248343474883171 100.93839749907522
874 1.1103292667648914 100.77451125676197
875 0.7602243193216496 100.38389665168981
876 0.9179909263156957 101.39590981640376
877 1.4111891622508974 100.87952450081343
878 0.5963885816326494 101.73909235805529
879 1.1501377809915185 100.15220507720623
880 0.23899971024576327 101.35773918834042
881 0.03119901645781311 100.97527401115693
882 1.3564220183043179 101.83228990123763
883 0.7762225588506233 101.82344860269559
884 0.9937466784052139 100.68034854952883
885 0.04135350905813703 101.24063256139927
886 0.6176724459106578 101.37584149958025
887 0.9919426699810504 101.23827439935648
888 0.24507263061115422 100.50967688437369
889 0.979080584387959 101.2749349164512
890 1.3371479625911562 101.6706188948689
891 0.8997075738934928 100.66154437470144
892 0.5389288266566498 102.01834220457931
893 1.3073461490957015 101.7118696236321
894 0.6150716240888706 101.27581561379142
895 1.0158486613141797 101.10048139495774
896 1.1781276191424719 101.08583899432071
897 1.1532977121342056 100.52767325417443
898 0.2722296798910541 100.76491827669687
899 1.2952579180343404 100.78036116822372
900 0.2959520940209657 101.07071808522724
901 0.9749852565695895 101.76428304904289
902 0.8529720794347485 101.55771759668549
903 1.1140661951414377 100.75006204988436
904 0.6740850535684874 100.5803421088457
905 1.371673500670193 102.033066958312
906 1.4061749526614262 100.41761476558474
907 0.06556713039367112 102.06506812271166
908 0.6976524152524005 101.65903048063258
909 0.11452210140695375 102.05066949168614
910 0.836671955712462 101.45222491481772
911 0.92102214609296 101.71383152064726
912 1.00639268516282 100.50205620695911
913 0.7428418170554699 101.59245590425284
914 1.181079081850186 100.86291503687663
915 1.3714048968303123 102.03020518560298
916 0.46890642425869755 100.92908276000128
917 1.432193066931154 101.2863237875591
918 0.5230116602812203 102.06119028002136
919 0.9575774543288322 100.3130826375084
920 1.0735702221552186 101.9194997846948
921 1.3821357971293542 100.58983708717346
922 0.08304286961031271 100.5961566893257
923 0.3547605783908154 101.50069390043346
924 1.3741167141412296 100.98909723807589
925 1.0721068688490138 100.78102057865863
926 1.0676579822708772 101.23827221942403
927 1.1102564497807774 101.49098695327149
928 0.33136827717929057 100.26912193597153
929 1.3786229562959504 101.01239317323964
930 1.1437720101454334 101.19373899848574
931 1.2407928207321155 100.8147593372925
932 0.7928437918466607 102.0104954624211
933 0.8070305021419918 101.32888195537639
934 0.6580336350236291 102.11484607377201
935 0.0749095307032876 101.0485948212972
936 0.2640129486212057 101.17685857548962
937 0.32228177786385825 100.5101608581446
938 0.8383304116016074 101.70957903657931
939 1.1616346174337504 100.50769361581833
940 0.267355122676145 100.97985261685186
941 0.493187061883456 100.22934644760565
942 1.0422426658986157 101.66660349627998
943 1.0117109085705067 100.65305369600058
944 0.8204427021886687 100.13030851295076
945 0.05135424067353204 101.22294264862417
946 0.12437202151980128 101.8129747816629
947 0.47279903842392473 101.6453887159974
948 0.37594582620181405 102.03851422457865
949 0.7284895010021364 100.30335144526474
950 0.7822650700205609 101.57764667772014
951 0.9562500175533548 101.751068167675
952 1.0631117621207313 100.65526040110507
953 1.3143933290854533 100.20185194929218
954 1.402393227459027 100.30695490067109
955 0.7043931827835667 100.37112393070589
956 0.5913571131457593 100.4731880630191
957 0.29948937168995615 101.01340117499416
958 0.1839615135289076 101.39969013453727
959 0.1939096156195095 102.1025179694851
960 1.4324548351435502 101.99476105519221
961 1.4061246766327211 101.42594350146099
962 0.6667594791265752 100.95132146425316
963 0.13143582053176064 101.24983796703977
964 0.2484034614959662 101.3625477660333
965 0.05743943824719857 101.18649367233199
966 1.0496787631741662 100.08972649501798
967 0.2919482073960314 101.59425208740862
968 0.8127795009683327 101.00555058403144
969 1.3223124885687785 100.08717615858639
970 1.421031799971011 101.04642311391034
971 1.1276840223916542 101.27927354866216
972 0.1902221535197897 100.3540815577445
973 0.8318203590751213 100.95896365879629
974 0.7993733844686275 101.15544591072516
975 1.0505605820272312 101.82346881485104
976 0.7340252039038657 101.33394037251848
977 1.2205219432105998 100.5834239607555
978 0.6899332801436661 101.48380352418653
979 0.45034096411177166 100.34926631841364
980 0.8023882854010157 101.36715700927763
981 0.2774767117466114 101.97843879455748
982 0.631446826828459 100.28904492971718
983 1.2827574499629035 101.83232720504242
984 0.008171201298428857 102.03357082213361
985 0.05276355170789021 101.2674473074585
986 0.7571227482944758 101.6041043150102
987 0.5397186674036695 101.94465847748803
988 0.31683899319837394 100.33649335291612
989 1.1626268916261642 100.81441933882232
990 0.1102077785418167 101.58568852704106
991 1.101345659956307 100.87236687493376
992 0.44131453597392706 100.05060987497359
993 1.2911210363640142 100.20705750457748
994 1.3121441447287967 100.38619275051235
995 0.9792771415072618 100.3077771767502
996 0.21711264971820352 100.39015291126759
997 0.6815762200628909 100.79651194663016
998 1.4324036836896568 101.53331289212994
999 1.1080407336538796 100.78053119100129
1000 0.07142485400021487 100.22654054471366